0.018 0
0.02 0
0.022 0
0.024 0
0.026 0
0.028 0
0.03 0
0.032 0
0.034 0
0.036 0
0.038 0
0.04 0
0.042 0
0.044 0
0.046 0
0.048 0
0.05 0
0.052 0
0.054 0
0.056 0
0.058 0
0.06 0
0.062 0
0.064 0
0.066 0
0.068 0
0.07 0
0.072 0
0.074 0
0.076 0
0.078 0
0.08 0
0.082 0
0.084 0
0.086 0
0.088 0
0.09 0
0.092 0
0.094 0
0.096 0
0.098 0
0.1 0
0.102 0
0.104 0
0.106 0
0.108 0
0.11 0
0.112 0
0.114 0
0.116 0
0.118 0
0.12 0
0.122 0
0.124 0
0.126 0
0.128 0
0.13 0
0.132 0
0.134 0
0.136 0
0.138 0
0.14 0
0.142 0
0.144 0
0.146 0
0.148 0
0.15 0
0.152 0
0.154 0
0.156 0
0.158 0
0.16 0
0.162 0
0.164 0
0.166 0
0.168 0
0.17 0
0.172 0
0.174 0
0.176 0
0.178 0
0.18 0
0.182 0
0.184 0
0.186 0
0.188 0
0.19 0
0.192 0
0.194 0
0.196 0
0.198 0
0.2 0
0.202 0
0.204 0
0.206 0
0.208 0
0.21 0
0.212 0
0.214 0
0.216 0
0.218 0
0.22 0
0.222 0
0.224 0
0.226 0
0.228 0
0.23 0
0.232 0
0.234 0
0.236 0
0.238 0
0.24 0
0.242 0
0.244 0
0.246 0
0.248 0
0.25 0
0.252 0
0.254 0
0.256 0
0.258 0
0.26 0
0.262 0
0.264 0
0.266 0
0.268 0
0.27 0
0.272 0
0.274 0
0.276 0
0.278 0
0.28 0
0.282 0
0.284 0
0.286 0
0.288 0
0.29 0
0.292 0
0.294 0
0.296 0
0.298 0
0.3 0
0.302 0
0.304 0
0.306 0
0.308 0
0.31 0
0.312 0
0.314 0
0.316 0
0.318 0
0.32 0
0.322 0
0.324 0
0.326 0
0.328 0
0.33 0
0.332 0
0.334 0
0.336 0
0.338 0
0.34 0
0.342 0
0.344 0
0.346 0
0.348 0
0.35 0
0.352 0
0.354 0
0.356 0
0.358 0
0.36 0
0.362 0
0.364 0
0.366 0
0.368 0
0.37 0
0.372 0
0.374 0
0.376 0
0.378 0
0.38 0
0.382 0
0.384 0
0.386 0
0.388 0
0.39 0
0.392 0
0.394 0
0.396 0
0.398 0
0.4 0
0.402 0
0.404 0
0.406 0
0.408 0
0.41 0
0.412 0
0.414 0
0.416 0
0.418 0
0.42 0
0.422 0
0.424 0
0.426 0
0.428 0
0.43 0
0.432 0
0.434 0
0.436 0
0.438 0
0.44 0
0.442 0
0.444 0
0.446 0
0.448 0
0.45 0
0.452 0
0.454 0
0.456 0
0.458 0
0.46 0
0.462 0
0.464 0
0.466 0
0.468 0
0.47 0
0.472 0
0.474 0
0.476 0
0.478 0
0.48 0
0.482 0
0.484 0
0.486 0
0.488 0
0.49 0
0.492 0
0.494 0
0.496 0
0.498 0
0.5 0
0.502 0
0.504 0
0.506 0
0.508 0
0.51 0
0.512 0
0.514 0
0.516 0
0.518 0
0.52 0
0.522 0
0.524 0
0.526 0
0.528 0
0.53 0
0.532 0
0.534 0
0.536 0
0.538 0
0.54 0
0.542 0
0.544 0
0.546 0
0.548 0
0.55 0
0.552 0
0.554 0
0.556 0
0.558 0
0.56 0
0.562 0
0.564 0
0.566 0
0.568 0
0.57 0
0.572 0
0.574 0
0.576 0
0.578 0
0.58 0
0.582 0
0.584 0
0.586 0
0.588 0
0.59 0
0.592 0
0.594 0
0.596 0
0.598 0
0.6 0
0.602 0
0.604 0
0.606 0
0.608 0
0.61 0
0.612 0
0.614 0
0.616 0
0.618 0
0.62 0
0.622 0
0.624 0
0.626 0
0.628 0
0.63 0
0.632 0
0.634 0
0.636 0
0.638 0
0.64 0
0.642 0
0.644 0
0.646 0
0.648 0
0.65 0
0.652 0
0.654 0
0.656 0.0109091
0.658 0.0107143
0.66 0.0107143
0.662 0.0107143
0.664 0.0107143
0.666 0.0105263
0.668 0.0105263
0.67 0.0210526
0.672 0.0210526
0.674 0.0206897
0.676 0.0206897
0.678 0.0206897
0.68 0.0206897
0.682 0.020339
0.684 0.020339
0.686 0.0305085
0.688 0.0305085
0.69 0.03
0.692 0.03
0.694 0.03
0.696 0.04
0.698 0.0393443
0.7 0.0393443
0.702 0.0393443
0.704 0.0393443
0.706 0.0387097
0.708 0.0387097
0.71 0.0483871
0.712 0.0483871
0.714 0.047619
0.716 0.047619
0.718 0.047619
0.72 0.047619
0.722 0.046875
0.724 0.046875
0.726 0.05625
0.728 0.05625
0.73 0.0553846
0.732 0.0553846
0.734 0.0553846
0.736 0.0646154
0.738 0.0636364
0.74 0.0636364
0.742 0.0636364
0.744 0.0636364
0.746 0.0626866
0.748 0.0626866
0.75 0.0716418
0.752 0.0716418
0.754 0.0705882
0.756 0.0705882
0.758 0.0705882
0.76 0.0705882
0.762 0.0695652
0.764 0.0695652
0.766 0.0782609
0.768 0.0782609
0.77 0.0771429
0.772 0.0771429
0.774 0.0771429
0.776 0.0857143
0.778 0.084507
0.78 0.084507
0.782 0.084507
0.784 0.084507
0.786 0.0833333
0.788 0.0833333
0.79 0.0916667
0.792 0.0916667
0.794 0.090411
0.796 0.090411
0.798 0.090411
0.8 0.090411
0.802 0.0891892
0.804 0.0891892
0.806 0.0972973
0.808 0.0972973
0.81 0.096
0.812 0.096
0.814 0.096
0.816 0.104
0.818 0.102362
0.82 0.102362
0.822 0.102362
0.824 0.102362
0.826 0.100775
0.828 0.100775
0.83 0.108527
0.832 0.108527
0.834 0.10687
0.836 0.10687
0.838 0.10687
0.84 0.10687
0.842 0.105263
0.844 0.105263
0.846 0.112782
0.848 0.112782
0.85 0.111111
0.852 0.111111
0.854 0.111111
0.856 0.118519
0.858 0.116788
0.86 0.116788
0.862 0.116788
0.864 0.116788
0.866 0.115108
0.868 0.115108
0.87 0.122302
0.872 0.122302
0.874 0.120567
0.876 0.120567
0.878 0.120567
0.88 0.120567
0.882 0.118881
0.884 0.118881
0.886 0.125874
0.888 0.125874
0.89 0.124138
0.892 0.124138
0.894 0.124138
0.896 0.131034
0.898 0.129252
0.9 0.129252
0.902 0.129252
0.904 0.129252
0.906 0.127517
0.908 0.127517
0.91 0.134228
0.912 0.134228
0.914 0.13245
0.916 0.13245
0.918 0.13245
0.92 0.13245
0.922 0.130719
0.924 0.130719
0.926 0.137255
0.928 0.137255
0.93 0.135484
0.932 0.135484
0.934 0.135484
0.936 0.141935
0.938 0.140127
0.94 0.140127
0.942 0.140127
0.944 0.140127
0.946 0.138365
0.948 0.138365
0.95 0.144654
0.952 0.144654
0.954 0.142857
0.956 0.142857
0.958 0.142857
0.96 0.142857
0.962 0.141104
0.964 0.141104
0.966 0.147239
0.968 0.147239
0.97 0.145455
0.972 0.145455
0.974 0.145455
0.976 0.151515
0.978 0.149701
0.98 0.149701
0.982 0.149701
0.984 0.149701
0.986 0.147929
0.988 0.147929
0.99 0.153846
0.992 0.153846
0.994 0.152047
0.996 0.152047
0.998 0.152047
1 0.152047
1.002 0.150289
1.004 0.150289
1.006 0.156069
1.008 0.156069
1.01 0.154286
1.012 0.154286
1.014 0.154286
1.016 0.16
1.018 0.157895
1.02 0.157895
1.022 0.157895
1.024 0.157895
1.026 0.155844
1.028 0.155844
1.03 0.16141
1.032 0.16141
1.034 0.159341
1.036 0.159341
1.038 0.159341
1.04 0.164835
1.042 0.162749
1.044 0.162749
1.046 0.162749
1.048 0.162749
1.05 0.160714
1.052 0.160714
1.054 0.160714
1.056 0.167857
1.058 0.165785
1.06 0.165785
1.062 0.165785
1.064 0.165785
1.066 0.163763
1.068 0.163763
1.07 0.170732
1.072 0.170732
1.074 0.168675
1.076 0.168675
1.078 0.168675
1.08 0.175559
1.082 0.173469
1.084 0.173469
1.086 0.173469
1.088 0.173469
1.09 0.171429
1.092 0.171429
1.094 0.171429
1.096 0.178151
1.098 0.17608
1.1 0.17608
1.102 0.17608
1.104 0.17608
1.106 0.174056
1.108 0.174056
1.11 0.180624
1.112 0.180624
1.114 0.178571
1.116 0.178571
1.118 0.178571
1.12 0.185065
1.122 0.182986
1.124 0.182986
1.126 0.182986
1.128 0.182986
1.13 0.180952
1.132 0.180952
1.134 0.180952
1.136 0.187302
1.138 0.185243
1.14 0.185243
1.142 0.185243
1.144 0.185243
1.146 0.18323
1.148 0.18323
1.15 0.189441
1.152 0.189441
1.154 0.187404
1.156 0.187404
1.158 0.187404
1.16 0.193548
1.162 0.191489
1.164 0.191489
1.166 0.191489
1.168 0.191489
1.17 0.189474
1.172 0.189474
1.174 0.189474
1.176 0.195489
1.178 0.193452
1.18 0.193452
1.182 0.193452
1.184 0.193452
1.186 0.191458
1.188 0.191458
1.19 0.197349
1.192 0.197349
1.194 0.195335
1.196 0.195335
1.198 0.195335
1.2 0.201166
1.202 0.199134
1.204 0.199134
1.206 0.199134
1.208 0.199134
1.21 0.197143
1.212 0.197143
1.214 0.197143
1.216 0.202857
1.218 0.200565
1.22 0.200565
1.222 0.200565
1.224 0.200565
1.226 0.198324
1.228 0.198324
1.23 0.203911
1.232 0.203911
1.234 0.201657
1.236 0.201657
1.238 0.201657
1.24 0.207182
1.242 0.204918
1.244 0.204918
1.246 0.204918
1.248 0.204918
1.25 0.202703
1.252 0.202703
1.254 0.202703
1.256 0.209459
1.258 0.207219
1.26 0.207219
1.262 0.207219
1.264 0.207219
1.266 0.205026
1.268 0.205026
1.27 0.21164
1.272 0.21164
1.274 0.209424
1.276 0.209424
1.278 0.209424
1.28 0.215969
1.282 0.213731
1.284 0.213731
1.286 0.213731
1.288 0.213731
1.29 0.211538
1.292 0.211538
1.294 0.211538
1.296 0.217949
1.298 0.215736
1.3 0.215736
1.302 0.215736
1.304 0.215736
1.306 0.213568
1.308 0.213568
1.31 0.219849
1.312 0.219849
1.314 0.217662
1.316 0.217662
1.318 0.217662
1.32 0.223881
1.322 0.221675
1.324 0.221675
1.326 0.221675
1.328 0.221675
1.33 0.219512
1.332 0.219512
1.334 0.219512
1.336 0.22561
1.338 0.22343
1.34 0.22343
1.342 0.22343
1.344 0.22343
1.346 0.221292
1.348 0.221292
1.35 0.227273
1.352 0.227273
1.354 0.225118
1.356 0.225118
1.358 0.225118
1.36 0.231043
1.362 0.228873
1.364 0.228873
1.366 0.228873
1.368 0.228873
1.37 0.226744
1.372 0.226744
1.374 0.226744
1.376 0.232558
1.378 0.230415
1.38 0.230415
1.382 0.230415
1.384 0.230415
1.386 0.228311
1.388 0.228311
1.39 0.234018
1.392 0.234018
1.394 0.2319
1.396 0.2319
1.398 0.2319
1.4 0.237557
1.402 0.235426
1.404 0.235426
1.406 0.235426
1.408 0.235426
1.41 0.233333
1.412 0.233333
1.414 0.233333
1.416 0.238889
1.418 0.236524
1.42 0.236524
1.422 0.236524
1.424 0.236524
1.426 0.234205
1.428 0.234205
1.43 0.239651
1.432 0.239651
1.434 0.237325
1.436 0.237325
1.438 0.237325
1.44 0.242718
1.442 0.240385
1.444 0.240385
1.446 0.240385
1.448 0.240385
1.45 0.238095
1.452 0.238095
1.454 0.238095
1.456 0.244444
1.458 0.242138
1.46 0.242138
1.462 0.242138
1.464 0.242138
1.466 0.239875
1.468 0.239875
1.47 0.246106
1.472 0.246106
1.474 0.243827
1.476 0.243827
1.478 0.243827
1.48 0.25
1.482 0.247706
1.484 0.247706
1.486 0.247706
1.488 0.247706
1.49 0.245455
1.492 0.245455
1.494 0.245455
1.496 0.251515
1.498 0.249249
1.5 0.249249
1.502 0.249249
1.504 0.249249
1.506 0.247024
1.508 0.247024
1.51 0.252976
1.512 0.252976
1.514 0.250737
1.516 0.250737
1.518 0.250737
1.52 0.256637
1.522 0.254386
1.524 0.254386
1.526 0.254386
1.528 0.254386
1.53 0.252174
1.532 0.252174
1.534 0.252174
1.536 0.257971
1.538 0.255747
1.54 0.255747
1.542 0.255747
1.544 0.255747
1.546 0.253561
1.548 0.253561
1.55 0.259259
1.552 0.259259
1.554 0.257062
1.556 0.257062
1.558 0.257062
1.56 0.262712
1.562 0.260504
1.564 0.260504
1.566 0.260504
1.568 0.260504
1.57 0.258333
1.572 0.258333
1.574 0.258333
1.576 0.263889
1.578 0.261708
1.58 0.261708
1.582 0.261708
1.584 0.261708
1.586 0.259563
1.588 0.259563
1.59 0.265027
1.592 0.265027
1.594 0.262873
1.596 0.262873
1.598 0.262873
1.6 0.268293
1.602 0.266129
1.604 0.266129
1.606 0.266129
1.608 0.266129
1.61 0.264
1.612 0.264
1.614 0.264
1.616 0.269333
1.618 0.26696
1.62 0.26696
1.622 0.26696
1.624 0.26696
1.626 0.264629
1.628 0.264629
1.63 0.269869
1.632 0.269869
1.634 0.267532
1.636 0.267532
1.638 0.267532
1.64 0.272727
1.642 0.270386
1.644 0.270386
1.646 0.270386
1.648 0.270386
1.65 0.268085
1.652 0.268085
1.654 0.268936
1.656 0.274043
1.658 0.27173
1.66 0.27173
1.662 0.27173
1.664 0.27173
1.666 0.269456
1.668 0.269456
1.67 0.275314
1.672 0.275314
1.674 0.273029
1.676 0.273029
1.678 0.273029
1.68 0.278838
1.682 0.276543
1.684 0.276543
1.686 0.276543
1.688 0.276543
1.69 0.274286
1.692 0.274286
1.694 0.275102
1.696 0.28
1.698 0.277733
1.7 0.277733
1.702 0.277733
1.704 0.277733
1.706 0.275502
1.708 0.275502
1.71 0.281124
1.712 0.281124
1.714 0.278884
1.716 0.278884
1.718 0.278884
1.72 0.284462
1.722 0.282213
1.724 0.282213
1.726 0.282213
1.728 0.282213
1.73 0.28
1.732 0.28
1.734 0.280784
1.736 0.28549
1.738 0.283268
1.74 0.283268
1.742 0.283268
1.744 0.283268
1.746 0.281081
1.748 0.281081
1.75 0.286486
1.752 0.286486
1.754 0.284291
1.756 0.284291
1.758 0.284291
1.76 0.289655
1.762 0.287452
1.764 0.287452
1.766 0.287452
1.768 0.287452
1.77 0.285283
1.772 0.285283
1.774 0.286038
1.776 0.290566
1.778 0.28839
1.78 0.28839
1.782 0.28839
1.784 0.28839
1.786 0.286245
1.788 0.286245
1.79 0.29145
1.792 0.29145
1.794 0.289299
1.796 0.289299
1.798 0.289299
1.8 0.294465
1.802 0.292308
1.804 0.292308
1.806 0.292308
1.808 0.292308
1.81 0.290182
1.812 0.290182
1.814 0.290909
1.816 0.295273
1.818 0.293141
1.82 0.293141
1.822 0.293141
1.824 0.293141
1.826 0.291039
1.828 0.291039
1.83 0.296057
1.832 0.296057
1.834 0.29395
1.836 0.29395
1.838 0.29395
1.84 0.298932
1.842 0.29682
1.844 0.29682
1.846 0.29682
1.848 0.29682
1.85 0.294737
1.852 0.294737
1.854 0.295439
1.856 0.300351
1.858 0.298258
1.86 0.298258
1.862 0.298258
1.864 0.298258
1.866 0.296194
1.868 0.296194
1.87 0.30173
1.872 0.30173
1.874 0.299656
1.876 0.299656
1.878 0.299656
1.88 0.305155
1.882 0.303072
1.884 0.303072
1.886 0.303072
1.888 0.303072
1.89 0.301017
1.892 0.301017
1.894 0.301695
1.896 0.306441
1.898 0.304377
1.9 0.304377
1.902 0.304377
1.904 0.304377
1.906 0.302341
1.908 0.302341
1.91 0.307692
1.912 0.307692
1.914 0.305648
1.916 0.305648
1.918 0.305648
1.92 0.310963
1.922 0.308911
1.924 0.308911
1.926 0.308911
1.928 0.308911
1.93 0.306885
1.932 0.306885
1.934 0.307541
1.936 0.312131
1.938 0.310098
1.94 0.310098
1.942 0.310098
1.944 0.310098
1.946 0.308091
1.948 0.308091
1.95 0.313269
1.952 0.313269
1.954 0.311254
1.956 0.311254
1.958 0.311254
1.96 0.316399
1.962 0.314377
1.964 0.314377
1.966 0.314377
1.968 0.314377
1.97 0.312381
1.972 0.312381
1.974 0.313016
1.976 0.31746
1.978 0.315457
1.98 0.315457
1.982 0.315457
1.984 0.315457
1.986 0.31348
1.988 0.31348
1.99 0.318495
1.992 0.318495
1.994 0.316511
1.996 0.316511
1.998 0.316511
