
0.002 0
0.004 0
0.006 0
0.008 0
0.01 0
0.012 0
0.014 0
0.016 0
0.018 0
0.02 0
0.022 0
0.024 0
0.026 0
0.028 0
0.03 0
0.032 0
0.034 0
0.036 0
0.038 0
0.04 0
0.042 0
0.044 4
0.046 8
0.048 12
0.05 12
0.052 12
0.054 12
0.056 12
0.058 12
0.06 12
0.062 12
0.064 12
0.066 12
0.068 16
0.07 20
0.072 24
0.074 24
0.076 24
0.078 24
0.08 24
0.082 24
0.084 24
0.086 28
0.088 32
0.09 36
0.092 36
0.094 36
0.096 36
0.098 36
0.1 36
0.102 36
0.104 36
0.106 36
0.108 36
0.11 40
0.112 44
0.114 48
0.116 48
0.118 48
0.12 48
0.122 48
0.124 48
0.126 48
0.128 48
0.13 48
0.132 48
0.134 52
0.136 56
0.138 60
0.14 60
0.142 60
0.144 60
0.146 60
0.148 60
0.15 60
0.152 64
0.154 68
0.156 72
0.158 72
0.16 72
0.162 72
0.164 72
0.166 72
0.168 72
0.17 72
0.172 72
0.174 72
0.176 76
0.178 80
0.18 84
0.182 84
0.184 84
0.186 84
0.188 84
0.19 84
0.192 84
0.194 88
0.196 92
0.198 96
0.2 96
0.202 96
0.204 96
0.206 96
0.208 96
0.21 96
0.212 96
0.214 96
0.216 96
0.218 100
0.22 104
0.222 108
0.224 108
0.226 108
0.228 108
0.23 108
0.232 108
0.234 108
0.236 112
0.238 116
0.24 120
0.242 120
0.244 120
0.246 120
0.248 120
0.25 120
0.252 120
0.254 120
0.256 120
0.258 120
0.26 124
0.262 128
0.264 132
0.266 132
0.268 132
0.27 132
0.272 132
0.274 132
0.276 132
0.278 132
0.28 132
0.282 132
0.284 136
0.286 140
0.288 144
0.29 144
0.292 144
0.294 144
0.296 144
0.298 144
0.3 144
0.302 148
0.304 152
0.306 156
0.308 156
0.31 156
0.312 156
0.314 156
0.316 156
0.318 156
0.32 156
0.322 156
0.324 156
0.326 160
0.328 164
0.33 168
0.332 168
0.334 168
0.336 168
0.338 168
0.34 168
0.342 168
0.344 168
0.346 168
0.348 168
0.35 172
0.352 176
0.354 180
0.356 180
0.358 180
0.36 180
0.362 180
0.364 180
0.366 180
0.368 184
0.37 188
0.372 192
0.374 192
0.376 192
0.378 192
0.38 192
0.382 192
0.384 192
0.386 192
0.388 192
0.39 192
0.392 196
0.394 200
0.396 204
0.398 204
0.4 204
0.402 204
0.404 204
0.406 204
0.408 204
0.41 208
0.412 212
0.414 216
0.416 216
0.418 216
0.42 216
0.422 216
0.424 216
0.426 216
0.428 216
0.43 216
0.432 216
0.434 220
0.436 224
0.438 228
0.44 228
0.442 228
0.444 228
0.446 228
0.448 228
0.45 228
0.452 228
0.454 228
0.456 228
0.458 232
0.46 236
0.462 240
0.464 240
0.466 240
0.468 240
0.47 240
0.472 240
0.474 240
0.476 244
0.478 248
0.48 252
0.482 252
0.484 252
0.486 252
0.488 252
0.49 252
0.492 252
0.494 252
0.496 252
0.498 252
0.5 256
0.502 260
0.504 264
0.506 264
0.508 264
0.51 264
0.512 264
0.514 264
0.516 264
0.518 268
0.52 272
0.522 276
0.524 276
0.526 276
0.528 276
0.53 276
0.532 276
0.534 276
0.536 276
0.538 276
0.54 276
0.542 280
0.544 284
0.546 288
0.548 288
0.55 288
0.552 288
0.554 288
0.556 288
0.558 288
0.56 288
0.562 288
0.564 288
0.566 292
0.568 296
0.57 300
0.572 300
0.574 300
0.576 300
0.578 300
0.58 300
0.582 300
0.584 304
0.586 308
0.588 312
0.59 312
0.592 312
0.594 312
0.596 312
0.598 312
0.6 312
0.602 312
0.604 312
0.606 312
0.608 316
0.61 320
0.612 324
0.614 324
0.616 324
0.618 324
0.62 324
0.622 324
0.624 324
0.626 328
0.628 332
0.63 336
0.632 336
0.634 336
0.636 336
0.638 336
0.64 336
0.642 336
0.644 336
0.646 336
0.648 336
0.65 340
0.652 344
0.654 348
0.656 348
0.658 348
0.66 348
0.662 348
0.664 348
0.666 348
0.668 348
0.67 348
0.672 348
0.674 352
0.676 356
0.678 360
0.68 360
0.682 360
0.684 360
0.686 360
0.688 360
0.69 360
0.692 364
0.694 368
0.696 372
0.698 372
0.7 372
0.702 372
0.704 372
0.706 372
0.708 372
0.71 372
0.712 372
0.714 372
0.716 376
0.718 380
0.72 384
0.722 384
0.724 384
0.726 384
0.728 384
0.73 384
0.732 384
0.734 388
0.736 392
0.738 396
0.74 396
0.742 396
0.744 396
0.746 396
0.748 396
0.75 396
0.752 396
0.754 396
0.756 396
0.758 400
0.76 404
0.762 408
0.764 408
0.766 408
0.768 408
0.77 408
0.772 408
0.774 408
0.776 408
0.778 408
0.78 408
0.782 412
0.784 416
0.786 420
0.788 420
0.79 420
0.792 420
0.794 420
0.796 420
0.798 420
0.8 424
0.802 428
0.804 432
0.806 432
0.808 432
0.81 432
0.812 432
0.814 432
0.816 432
0.818 432
0.82 432
0.822 432
0.824 436
0.826 440
0.828 444
0.83 444
0.832 444
0.834 444
0.836 444
0.838 444
0.84 444
0.842 448
0.844 452
0.846 456
0.848 456
0.85 456
0.852 456
0.854 456
0.856 456
0.858 456
0.86 456
0.862 456
0.864 456
0.866 460
0.868 464
0.87 468
0.872 468
0.874 468
0.876 468
0.878 468
0.88 468
0.882 468
0.884 468
0.886 468
0.888 468
0.89 472
0.892 476
0.894 480
0.896 480
0.898 480
0.9 480
0.902 480
0.904 480
0.906 480
0.908 484
0.91 488
0.912 492
0.914 492
0.916 492
0.918 492
0.92 492
0.922 492
0.924 492
0.926 492
0.928 492
0.93 492
0.932 496
0.934 500
0.936 504
0.938 504
0.94 504
0.942 504
0.944 504
0.946 504
0.948 504
0.95 508
0.952 512
0.954 516
0.956 516
0.958 516
0.96 516
0.962 516
0.964 516
0.966 516
0.968 516
0.97 516
0.972 516
0.974 520
0.976 524
0.978 528
0.98 528
0.982 528
0.984 528
0.986 528
0.988 528
0.99 528
0.992 528
0.994 528
0.996 528
0.998 532
1 536
1.002 540
1.004 540
1.006 540
1.008 540
1.01 540
1.012 540
1.014 540
1.016 544
1.018 548
1.02 552
1.022 552
1.024 552
1.026 552
1.028 552
1.03 552
1.032 552
1.034 552
1.036 552
1.038 552
1.04 556
1.042 560
1.044 564
1.046 564
1.048 564
1.05 564
1.052 564
1.054 564
1.056 564
1.058 568
1.06 572
1.062 576
1.064 576
1.066 576
1.068 576
1.07 576
1.072 576
1.074 576
1.076 576
1.078 576
1.08 576
1.082 576
1.084 576
1.086 580
1.088 584
1.09 588
1.092 588
1.094 588
1.096 588
1.098 588
1.1 588
1.102 588
1.104 588
1.106 588
1.108 588
1.11 588
1.112 588
1.114 588
1.116 592
1.118 596
1.12 600
1.122 600
1.124 600
1.126 600
1.128 600
1.13 600
1.132 600
1.134 600
1.136 600
1.138 604
1.14 608
1.142 612
1.144 616
1.146 616
1.148 616
1.15 616
1.152 616
1.154 616
1.156 616
1.158 616
1.16 616
1.162 616
1.164 616
1.166 616
1.168 616
1.17 620
1.172 624
1.174 628
1.176 632
1.178 632
1.18 632
1.182 632
1.184 632
1.186 632
1.188 632
1.19 632
1.192 632
1.194 636
1.196 640
1.198 644
1.2 648
1.202 648
1.204 648
1.206 648
1.208 648
1.21 648
1.212 648
1.214 648
1.216 648
1.218 648
1.22 648
1.222 648
1.224 648
1.226 652
1.228 656
1.23 660
1.232 664
1.234 664
1.236 664
1.238 664
1.24 664
1.242 664
1.244 664
1.246 664
1.248 664
1.25 668
1.252 668
1.254 668
1.256 668
1.258 668
1.26 672
1.262 676
1.264 680
1.266 680
1.268 680
1.27 680
1.272 680
1.274 680
1.276 680
1.278 680
1.28 680
1.282 684
1.284 688
1.286 692
1.288 696
1.29 696
1.292 696
1.294 696
1.296 696
1.298 696
1.3 696
1.302 696
1.304 696
1.306 696
1.308 696
1.31 696
1.312 696
1.314 700
1.316 704
1.318 708
1.32 712
1.322 712
1.324 712
1.326 712
1.328 712
1.33 712
1.332 712
1.334 712
1.336 712
1.338 716
1.34 720
1.342 724
1.344 728
1.346 728
1.348 728
1.35 728
1.352 728
1.354 728
1.356 728
1.358 728
1.36 728
1.362 728
1.364 728
1.366 728
1.368 728
1.37 732
1.372 736
1.374 740
1.376 744
1.378 744
1.38 744
1.382 744
1.384 744
1.386 744
1.388 744
1.39 744
1.392 744
1.394 748
1.396 748
1.398 748
1.4 748
1.402 748
1.404 752
1.406 756
1.408 760
1.41 760
1.412 760
1.414 760
1.416 760
1.418 760
1.42 760
1.422 760
1.424 760
1.426 764
1.428 768
1.43 772
1.432 776
1.434 776
1.436 776
1.438 776
1.44 776
1.442 776
1.444 776
1.446 776
1.448 776
1.45 776
1.452 776
1.454 776
1.456 776
1.458 780
1.46 784
1.462 788
1.464 792
1.466 792
1.468 792
1.47 792
1.472 792
1.474 792
1.476 792
1.478 792
1.48 792
1.482 796
1.484 800
1.486 804
1.488 808
1.49 808
1.492 808
1.494 808
1.496 808
1.498 808
1.5 808
1.502 808
1.504 808
1.506 808
1.508 808
1.51 808
1.512 808
1.514 812
1.516 816
1.518 820
1.52 824
1.522 824
1.524 824
1.526 824
1.528 824
1.53 824
1.532 824
1.534 824
1.536 824
1.538 828
1.54 828
1.542 832
1.544 836
1.546 840
1.548 840
1.55 840
1.552 840
1.554 840
1.556 840
1.558 840
1.56 840
1.562 840
1.564 840
1.566 840
1.568 840
1.57 844
1.572 848
1.574 852
1.576 856
1.578 856
1.58 856
1.582 856
1.584 856
1.586 856
1.588 856
1.59 856
1.592 856
1.594 856
1.596 856
1.598 856
1.6 856
1.602 860
1.604 864
1.606 868
1.608 872
1.61 872
1.612 872
1.614 872
1.616 872
1.618 872
1.62 872
1.622 872
1.624 872
1.626 876
1.628 880
1.63 884
1.632 888
1.634 888
1.636 888
1.638 888
1.64 888
1.642 888
1.644 888
1.646 888
1.648 888
1.65 888
1.652 888
1.654 888
1.656 888
1.658 892
1.66 896
1.662 900
1.664 904
1.666 904
1.668 904
1.67 904
1.672 904
1.674 904
1.676 904
1.678 904
1.68 904
1.682 908
1.684 908
1.686 912
1.688 916
1.69 920
1.692 920
1.694 920
1.696 920
1.698 920
1.7 920
1.702 920
1.704 920
1.706 920
1.708 920
1.71 920
1.712 920
1.714 924
1.716 928
1.718 932
1.72 936
1.722 936
1.724 936
1.726 936
1.728 936
1.73 936
1.732 936
1.734 936
1.736 936
1.738 936
1.74 936
1.742 936
1.744 936
1.746 940
1.748 944
1.75 948
1.752 952
1.754 952
1.756 952
1.758 952
1.76 952
1.762 952
1.764 952
1.766 952
1.768 952
1.77 956
1.772 960
1.774 964
1.776 968
1.778 968
1.78 968
1.782 968
1.784 968
1.786 968
1.788 968
1.79 968
1.792 968
1.794 968
1.796 968
1.798 968
1.8 968
1.802 968
1.804 968
1.806 972
1.808 976
1.81 980
1.812 984
1.814 984
1.816 984
1.818 984
1.82 984
1.822 984
1.824 984
1.826 984
1.828 984
1.83 984
1.832 984
1.834 984
1.836 988
1.838 988
1.84 992
1.842 996
1.844 1000
1.846 1000
1.848 1000
1.85 1000
1.852 1000
1.854 1000
1.856 1000
1.858 1000
1.86 1000
1.862 1000
1.864 1000
1.866 1000
1.868 1000
1.87 1000
1.872 1004
1.874 1008
1.876 1012
1.878 1016
1.88 1020
1.882 1020
1.884 1020
1.886 1020
1.888 1020
1.89 1020
1.892 1020
1.894 1020
1.896 1020
1.898 1020
1.9 1020
1.902 1020
1.904 1020
1.906 1020
1.908 1020
1.91 1020
1.912 1024
1.914 1028
1.916 1032
1.918 1036
1.92 1040
1.922 1040
1.924 1040
1.926 1040
1.928 1040
1.93 1040
1.932 1040
1.934 1040
1.936 1040
1.938 1040
1.94 1040
1.942 1044
1.944 1048
1.946 1052
1.948 1056
1.95 1060
1.952 1060
1.954 1060
1.956 1060
1.958 1060
1.96 1060
1.962 1060
1.964 1060
1.966 1060
1.968 1060
1.97 1060
1.972 1060
1.974 1060
1.976 1060
1.978 1060
1.98 1060
1.982 1064
1.984 1068
1.986 1072
1.988 1076
1.99 1080
1.992 1080
1.994 1080
1.996 1080
1.998 1080
