0.5 0
0.52 0
0.54 0
0.56 0.32
0.58 0
0.6 0
0.62 0
0.64 0
0.66 0
0.68 0
0.7 0
0.72 0.32
0.74 0
0.76 0
0.78 0
0.8 0
0.82 0
0.84 0
0.86 0
0.88 0.32
0.9 0
0.92 0
0.94 0
0.96 0
0.98 0
1 0
1.02 0
1.04 0.32
1.06 0
1.08 0.32
1.1 0.32
1.12 80.32
1.14 80.32
1.16 80.32
1.18 80.32
1.2 80.32
1.22 0.64
1.24 80.32
1.26 80.32
1.28 80.32
1.3 0.64
1.32 80.32
1.34 0
1.36 0.64
1.38 80.32
1.4 80.32
1.42 80.32
1.44 0.64
1.46 80.32
1.48 80.32
1.5 80.32
1.52 80.32
1.54 80.32
1.56 0.64
1.58 0.32
1.6 80.32
1.62 80.32
1.64 0.64
1.66 0.32
1.68 0
1.7 0.64
1.72 80.32
1.74 80.32
1.76 80.32
1.78 0.64
1.8 80.32
1.82 80.32
1.84 80.32
1.86 80.32
1.88 80.32
1.9 80.32
1.92 0.64
1.94 80.32
1.96 80.32
1.98 80.32
2 0.64
2.02 80.32
2.04 240.96
2.06 0.64
2.08 240.96
2.1 0.64
2.12 240.96
2.14 0.64
2.16 160.64
2.18 160.64
2.2 160.64
2.22 240.96
2.24 160.64
2.26 240.96
2.28 160.64
2.3 240.96
2.32 160.64
2.34 160.64
2.36 0.64
2.38 160.64
2.4 0.96
2.42 160.64
2.44 240.96
2.46 160.64
2.48 0.96
2.5 160.64
2.52 160.64
2.54 0.64
2.56 240.96
2.58 0.64
2.6 240.96
2.62 0.64
2.64 240.96
2.66 0.64
2.68 160.64
2.7 160.64
2.72 160.64
2.74 240.96
2.76 160.64
2.78 240.96
2.8 160.64
2.82 0.96
2.84 160.64
2.86 160.64
2.88 0.64
2.9 160.64
2.92 0.96
2.94 160.64
2.96 240.96
2.98 160.64
3 240.96
3.02 160.64
3.04 321.28
3.06 0.96
3.08 401.6
3.1 0.96
3.12 321.28
3.14 0.96
3.16 321.28
3.18 240.96
3.2 240.96
3.22 321.28
3.24 240.96
3.26 321.28
3.28 240.96
3.3 401.6
3.32 240.96
3.34 240.96
3.36 0.96
3.38 240.96
3.4 1.28
3.42 240.96
3.44 401.6
3.46 240.96
3.48 321.28
3.5 240.96
3.52 321.28
3.54 0.96
3.56 321.28
3.58 0.96
3.6 321.28
3.62 0.96
3.64 401.6
3.66 0.96
3.68 240.96
3.7 240.96
3.72 240.96
3.74 321.28
3.76 240.96
3.78 401.6
3.8 240.96
3.82 321.28
3.84 240.96
3.86 321.28
3.88 0.96
3.9 160.64
3.92 1.6
3.94 240.96
3.96 321.28
3.98 240.96
4 401.6
4.02 160.64
4.04 321.28
4.06 0.96
4.08 321.28
4.1 0.96
4.12 401.6
4.14 0.96
4.16 321.28
4.18 0.96
4.2 240.96
4.22 321.28
4.24 160.64
4.26 401.6
4.28 240.96
4.3 321.28
4.32 240.96
4.34 401.6
4.36 160.64
4.38 240.96
4.4 1.28
4.42 240.96
4.44 321.28
4.46 240.96
4.48 401.6
4.5 240.96
4.52 321.28
4.54 0.96
4.56 321.28
4.58 0.64
4.6 401.6
4.62 0.96
4.64 321.28
4.66 0.96
4.68 321.28
4.7 240.96
4.72 240.96
4.74 321.28
4.76 240.96
4.78 321.28
4.8 240.96
4.82 401.6
4.84 240.96
4.86 321.28
4.88 0.96
4.9 240.96
4.92 240.96
4.94 240.96
4.96 401.6
4.98 240.96
5 321.28
5.02 240.96
5.04 321.28
5.06 240.96
5.08 321.28
5.1 0.96
5.12 321.28
5.14 0.96
5.16 321.28
5.18 1.28
5.2 240.96
5.22 1.28
5.24 160.64
5.26 321.28
5.28 240.96
5.3 401.6
5.32 240.96
5.34 321.28
5.36 240.96
5.38 321.28
5.4 0.96
5.42 240.96
5.44 321.28
5.46 240.96
5.48 321.28
5.5 240.96
5.52 401.6
5.54 240.96
5.56 321.28
5.58 0.64
5.6 321.28
5.62 0.96
5.64 321.28
5.66 1.28
5.68 240.96
5.7 1.28
5.72 240.96
5.74 321.28
5.76 240.96
5.78 321.28
5.8 240.96
5.82 321.28
5.84 240.96
5.86 401.6
5.88 0.96
5.9 240.96
5.92 240.96
5.94 240.96
5.96 321.28
5.98 240.96
6 401.6
6.02 240.96
6.04 321.28
6.06 240.96
6.08 321.28
6.1 0.96
6.12 240.96
6.14 1.28
6.16 240.96
6.18 1.28
6.2 240.96
6.22 1.6
6.24 160.64
6.26 321.28
6.28 240.96
6.3 321.28
6.32 240.96
6.34 401.6
6.36 0.96
6.38 321.28
6.4 0.96
6.42 321.28
6.44 240.96
6.46 160.64
6.48 401.6
6.5 240.96
6.52 321.28
6.54 240.96
6.56 401.6
6.58 160.64
6.6 321.28
6.62 0.96
6.64 240.96
6.66 1.28
6.68 240.96
6.7 1.6
6.72 240.96
6.74 1.28
6.76 240.96
6.78 321.28
6.8 160.64
6.82 401.6
6.84 0.96
6.86 321.28
6.88 0.96
6.9 401.6
6.92 160.64
6.94 240.96
6.96 321.28
6.98 240.96
7 321.28
7.02 240.96
7.04 401.6
7.06 240.96
7.08 321.28
7.1 0.96
7.12 240.96
7.14 0.96
7.16 240.96
7.18 1.6
7.2 240.96
7.22 1.28
7.24 240.96
7.26 321.28
7.28 240.96
7.3 321.28
7.32 0.96
7.34 321.28
7.36 0.96
7.38 401.6
7.4 0.96
7.42 321.28
7.44 0.96
7.46 240.96
7.48 240.96
7.5 240.96
7.52 401.6
7.54 240.96
7.56 321.28
7.58 240.96
7.6 321.28
7.62 240.96
7.64 240.96
7.66 1.28
7.68 240.96
7.7 1.28
7.72 240.96
7.74 1.6
7.76 240.96
7.78 321.28
7.8 160.64
7.82 321.28
7.84 0.96
7.86 401.6
7.88 0.96
7.9 321.28
7.92 0.96
7.94 321.28
7.96 240.96
7.98 240.96
8 321.28
8.02 240.96
8.04 321.28
8.06 240.96
8.08 401.6
8.1 240.96
8.12 240.96
8.14 0.96
8.16 240.96
8.18 1.28
8.2 240.96
8.22 1.6
8.24 240.96
8.26 321.28
8.28 240.96
8.3 321.28
8.32 0.96
8.34 321.28
8.36 0.96
8.38 321.28
8.4 0.96
8.42 401.6
8.44 0.96
8.46 240.96
8.48 240.96
8.5 240.96
8.52 321.28
8.54 240.96
8.56 401.6
8.58 240.96
8.6 321.28
8.62 240.96
8.64 321.28
8.66 0.96
8.68 160.64
8.7 1.6
8.72 240.96
8.74 321.28
8.76 240.96
8.78 401.6
8.8 160.64
8.82 321.28
8.84 0.96
8.86 321.28
8.88 0.96
8.9 401.6
8.92 0.96
8.94 321.28
8.96 0.96
8.98 321.28
9 240.96
9.02 160.64
9.04 401.6
9.06 240.96
9.08 321.28
9.1 240.96
9.12 401.6
9.14 160.64
9.16 240.96
9.18 1.28
9.2 240.96
9.22 1.28
9.24 240.96
9.26 401.6
9.28 240.96
9.3 321.28
9.32 0.96
9.34 321.28
9.36 0.64
9.38 401.6
9.4 0.96
9.42 321.28
9.44 0.96
9.46 401.6
9.48 160.64
9.5 240.96
9.52 321.28
9.54 240.96
9.56 321.28
9.58 240.96
9.6 401.6
9.62 240.96
9.64 321.28
9.66 0.96
9.68 240.96
9.7 0.96
9.72 240.96
9.74 401.6
9.76 240.96
9.78 321.28
9.8 240.96
9.82 321.28
9.84 240.96
9.86 321.28
9.88 0.96
9.9 321.28
9.92 0.96
9.94 401.6
9.96 0.96
9.98 321.28
