0.5 0
0.52 0
0.54 0
0.56 0.32
0.58 0
0.6 0
0.62 0
0.64 0
0.66 0
0.68 0
0.7 0
0.72 0.32
0.74 0
0.76 0
0.78 0
0.8 0
0.82 0
0.84 0
0.86 0
0.88 0.32
0.9 0
0.92 0
0.94 0
0.96 0
0.98 0
1 0
1.02 0
1.04 0.32
1.06 0
1.08 0.32
1.1 0.32
1.12 80.32
1.14 80.32
1.16 80.32
1.18 0
1.2 0
1.22 0.32
1.24 0
1.26 0
1.28 0
1.3 0
1.32 0
1.34 0
1.36 0
1.38 0.32
1.4 0
1.42 80.32
1.44 80.32
1.46 80.32
1.48 80.32
1.5 0.32
1.52 0
1.54 80.32
1.56 80.32
1.58 80.32
1.6 0.64
1.62 80.32
1.64 80.32
1.66 80.32
1.68 0.64
1.7 0
1.72 0.64
1.74 0.32
1.76 80.32
1.78 80.32
1.8 0.64
1.82 0.32
1.84 0
1.86 0.64
1.88 80.32
1.9 80.32
1.92 80.32
1.94 0.64
1.96 80.32
1.98 0
2 0.64
2.02 160.64
2.04 160.64
2.06 160.64
2.08 1.28
2.1 0.64
2.12 160.64
2.14 0.64
2.16 160.64
2.18 80.32
2.2 0.64
2.22 0.32
2.24 80.32
2.26 0.32
2.28 80.32
2.3 80.32
2.32 80.32
2.34 0.64
2.36 80.32
2.38 160.64
2.4 0.64
2.42 160.64
2.44 160.64
2.46 160.64
2.48 0.96
2.5 0.64
2.52 80.32
2.54 160.64
2.56 160.64
2.58 160.64
2.6 1.28
2.62 0.64
2.64 160.64
2.66 160.64
2.68 0.96
2.7 80.32
2.72 240.96
2.74 0.96
2.76 160.64
2.78 160.64
2.8 0.96
2.82 0.64
2.84 80.32
2.86 240.96
2.88 0.96
2.9 160.64
2.92 160.64
2.94 0.96
2.96 160.64
2.98 80.32
3 1.28
3.02 240.96
3.04 240.96
3.06 240.96
3.08 1.6
3.1 240.96
3.12 240.96
3.14 1.28
3.16 240.96
3.18 160.64
3.2 240.96
3.22 0.64
3.24 160.64
3.26 0.96
3.28 0.64
3.3 160.64
3.32 160.64
3.34 240.96
3.36 160.64
3.38 240.96
3.4 1.28
3.42 240.96
3.44 240.96
3.46 240.96
3.48 1.6
3.5 0.64
3.52 160.64
3.54 1.28
3.56 240.96
3.58 240.96
3.6 401.6
3.62 1.28
3.64 160.64
3.66 321.28
3.68 1.28
3.7 160.64
3.72 321.28
3.74 1.6
3.76 0.96
3.78 160.64
3.8 1.6
3.82 0.96
3.84 160.64
3.86 321.28
3.88 1.6
3.9 240.96
3.92 160.64
3.94 1.6
3.96 240.96
3.98 160.64
4 401.6
4.02 1.28
4.04 240.96
4.06 240.96
4.08 1.28
4.1 240.96
4.12 240.96
4.14 1.6
4.16 0.96
4.18 240.96
4.2 321.28
4.22 0.96
4.24 240.96
4.26 321.28
4.28 1.28
4.3 240.96
4.32 240.96
4.34 321.28
4.36 240.96
4.38 240.96
4.4 321.28
4.42 1.28
4.44 240.96
4.46 240.96
4.48 1.6
4.5 160.64
4.52 240.96
4.54 1.6
4.56 0.96
4.58 240.96
4.6 321.28
4.62 1.28
4.64 160.64
4.66 321.28
4.68 1.28
4.7 240.96
4.72 240.96
4.74 1.6
4.76 0.96
4.78 160.64
4.8 321.28
4.82 1.28
4.84 240.96
4.86 240.96
4.88 1.6
4.9 240.96
4.92 160.64
4.94 1.6
4.96 240.96
4.98 240.96
5 321.28
5.02 1.28
5.04 240.96
5.06 240.96
5.08 1.28
5.1 240.96
5.12 240.96
5.14 401.6
5.16 0.96
5.18 240.96
5.2 321.28
5.22 0.96
5.24 240.96
5.26 321.28
5.28 321.28
5.3 240.96
5.32 240.96
5.34 321.28
5.36 240.96
5.38 240.96
5.4 321.28
5.42 1.6
5.44 160.64
5.46 240.96
5.48 1.6
5.5 160.64
5.52 240.96
5.54 401.6
5.56 1.28
5.58 160.64
5.6 321.28
5.62 1.28
5.64 160.64
5.66 321.28
5.68 1.6
5.7 0.96
5.72 160.64
5.74 1.6
5.76 0.96
5.78 160.64
5.8 321.28
5.82 1.6
5.84 240.96
5.86 160.64
5.88 1.6
5.9 240.96
5.92 160.64
5.94 401.6
5.96 1.28
5.98 240.96
6 240.96
6.02 1.28
6.04 240.96
6.06 240.96
6.08 1.6
6.1 0.96
6.12 240.96
6.14 321.28
6.16 0.96
6.18 240.96
6.2 321.28
6.22 1.28
6.24 240.96
6.26 240.96
6.28 321.28
6.3 240.96
6.32 240.96
6.34 321.28
6.36 1.28
6.38 240.96
6.4 240.96
6.42 1.6
6.44 160.64
6.46 240.96
6.48 1.6
6.5 0.96
6.52 240.96
6.54 321.28
6.56 1.28
6.58 160.64
6.6 321.28
6.62 1.28
6.64 240.96
6.66 240.96
6.68 1.6
6.7 0.96
6.72 160.64
6.74 321.28
6.76 1.28
6.78 240.96
6.8 240.96
6.82 1.6
6.84 240.96
6.86 160.64
6.88 1.6
6.9 240.96
6.92 240.96
6.94 321.28
6.96 1.28
6.98 240.96
7 240.96
7.02 1.28
7.04 240.96
7.06 240.96
7.08 401.6
7.1 0.96
7.12 240.96
7.14 321.28
7.16 0.96
7.18 240.96
7.2 321.28
7.22 321.28
7.24 240.96
7.26 240.96
7.28 321.28
7.3 240.96
7.32 240.96
7.34 321.28
7.36 1.6
7.38 160.64
7.4 240.96
7.42 1.6
7.44 160.64
7.46 240.96
7.48 401.6
7.5 1.28
7.52 160.64
7.54 321.28
7.56 1.28
7.58 160.64
7.6 321.28
7.62 1.6
7.64 0.96
7.66 160.64
7.68 1.6
7.7 0.96
7.72 160.64
7.74 321.28
7.76 1.6
7.78 240.96
7.8 160.64
7.82 1.6
7.84 240.96
7.86 160.64
7.88 401.6
7.9 1.28
7.92 240.96
7.94 240.96
7.96 1.28
7.98 240.96
8 240.96
8.02 1.6
8.04 0.96
8.06 240.96
8.08 321.28
8.1 0.96
8.12 240.96
8.14 321.28
8.16 1.28
8.18 240.96
8.2 240.96
8.22 321.28
8.24 240.96
8.26 240.96
8.28 321.28
8.3 1.28
8.32 240.96
8.34 240.96
8.36 1.6
8.38 160.64
8.4 240.96
8.42 1.6
8.44 0.96
8.46 240.96
8.48 321.28
8.5 1.28
8.52 160.64
8.54 321.28
8.56 1.28
8.58 240.96
8.6 240.96
8.62 1.6
8.64 0.96
8.66 160.64
8.68 321.28
8.7 1.28
8.72 240.96
8.74 240.96
8.76 1.6
8.78 240.96
8.8 160.64
8.82 1.6
8.84 240.96
8.86 240.96
8.88 321.28
8.9 1.28
8.92 240.96
8.94 240.96
8.96 1.28
8.98 240.96
9 240.96
9.02 401.6
9.04 0.96
9.06 240.96
9.08 321.28
9.1 0.96
9.12 240.96
9.14 321.28
9.16 321.28
9.18 240.96
9.2 240.96
9.22 321.28
9.24 240.96
9.26 240.96
9.28 321.28
9.3 1.6
9.32 160.64
9.34 240.96
9.36 1.6
9.38 160.64
9.4 240.96
9.42 401.6
9.44 1.28
9.46 160.64
9.48 321.28
9.5 1.28
9.52 160.64
9.54 321.28
9.56 1.6
9.58 0.96
9.6 160.64
9.62 1.6
9.64 0.96
9.66 160.64
9.68 321.28
9.7 1.6
9.72 240.96
9.74 160.64
9.76 1.6
9.78 240.96
9.8 160.64
9.82 401.6
9.84 1.28
9.86 240.96
9.88 240.96
9.9 1.28
9.92 240.96
9.94 240.96
9.96 1.6
9.98 0.96
