0.5 0
0.6 0
0.7 0.32
0.8 0
0.9 0.384
1 0
1.1 0
1.2 0.384
1.3 0.384
1.4 0.384
1.5 0.384
1.6 0.352
1.7 0
1.8 0.384
1.9 0.384
2 0.384
2.1 0.384
2.2 0.384
2.3 0.384
2.4 0.384
2.5 0.384
2.6 0.384
2.7 0.352
2.8 0
2.9 0
3 0
3.1 0
3.2 0
3.3 0
3.4 0
3.5 0
3.6 0.384
3.7 0.384
3.8 0.384
3.9 0.384
4 0.384
4.1 0.384
4.2 0.384
4.3 0.384
4.4 0.384
4.5 0
4.6 0.384
4.7 0.384
4.8 0.384
4.9 0.384
5 0.384
5.1 0.384
5.2 0.384
5.3 0.384
5.4 0
5.5 0.32
5.6 0
5.7 0
5.8 0
5.9 0
6 0.384
6.1 0.384
6.2 0.384
6.3 0.384
6.4 0.384
6.5 0.384
6.6 0.384
6.7 0.384
6.8 0.384
6.9 0.384
7 0.384
7.1 0.384
7.2 0.384
7.3 0.384
7.4 0.384
7.5 0.384
7.6 0.384
7.7 0
7.8 0
7.9 0.384
8 0.384
8.1 0.384
8.2 0.384
8.3 0.384
8.4 0.384
8.5 0.384
8.6 0.384
8.7 0.384
8.8 0.384
8.9 0
9 0
9.1 0.384
9.2 0.384
9.3 0.384
9.4 0.384
9.5 0.384
9.6 0.384
9.7 0.384
9.8 0.384
9.9 0.384
10 0.384
10.1 440.96
10.2 224.64
10.3 166.4
10.4 149.76
10.5 116.48
10.6 133.12
10.7 5.76
10.8 174.72
10.9 124.8
11 191.36
11.1 191.36
11.2 124.8
11.3 133.12
11.4 4.8
11.5 149.76
11.6 99.84
11.7 3.84
11.8 174.72
11.9 149.76
12 133.12
12.1 141.44
12.2 199.68
12.3 133.12
12.4 133.12
12.5 4.48
12.6 5.76
12.7 116.48
12.8 133.12
12.9 5.76
13 158.08
13.1 149.76
13.2 116.48
13.3 5.44
13.4 133.12
13.5 108.16
13.6 133.12
13.7 158.08
13.8 124.8
13.9 149.76
14 116.48
14.1 149.76
14.2 6.72
14.3 149.76
14.4 149.76
14.5 5.76
14.6 158.08
14.7 166.4
14.8 5.44
14.9 116.48
15 141.44
15.1 116.48
15.2 5.76
15.3 124.8
15.4 133.12
15.5 158.08
15.6 141.44
15.7 4.8
15.8 174.72
15.9 166.4
16 4.48
16.1 141.44
16.2 91.52
16.3 141.44
16.4 141.44
16.5 141.44
16.6 116.48
16.7 141.44
16.8 191.36
16.9 141.44
17 4.8
17.1 158.08
17.2 224.64
17.3 133.12
17.4 133.12
17.5 133.12
17.6 116.48
17.7 116.48
17.8 3.2
17.9 166.4
18 166.4
18.1 166.4
18.2 99.84
18.3 133.12
18.4 216.32
18.5 5.12
18.6 116.48
18.7 149.76
18.8 108.16
18.9 149.76
19 141.44
19.1 208
19.2 158.08
19.3 108.16
19.4 99.84
19.5 133.12
19.6 3.52
19.7 141.44
19.8 149.76
19.9 6.4
20 124.8
20.1 174.72
20.2 4.16
20.3 158.08
20.4 5.12
20.5 124.8
20.6 133.12
20.7 149.76
20.8 7.04
20.9 141.44
21 149.76
21.1 174.72
21.2 4.8
21.3 124.8
21.4 4.8
21.5 5.12
21.6 6.4
21.7 124.8
21.8 5.12
21.9 99.84
22 124.8
22.1 124.8
22.2 158.08
22.3 5.44
22.4 158.08
22.5 124.8
22.6 6.4
22.7 166.4
22.8 5.76
22.9 124.8
23 5.76
23.1 4.16
23.2 166.4
23.3 108.16
23.4 116.48
23.5 116.48
23.6 166.4
23.7 124.8
23.8 4.48
23.9 5.76
24 166.4
24.1 166.4
24.2 108.16
24.3 116.48
24.4 174.72
24.5 149.76
24.6 5.76
24.7 141.44
24.8 108.16
24.9 141.44
25 116.48
25.1 6.08
25.2 149.76
25.3 99.84
25.4 141.44
25.5 108.16
25.6 166.4
25.7 141.44
25.8 149.76
25.9 166.4
26 124.8
26.1 4.48
26.2 141.44
26.3 141.44
26.4 141.44
26.5 5.44
26.6 6.4
26.7 4.16
26.8 4.16
26.9 149.76
27 8.32
27.1 6.4
27.2 124.8
27.3 116.48
27.4 124.8
27.5 91.52
27.6 141.44
27.7 158.08
27.8 141.44
27.9 124.8
28 149.76
28.1 133.12
28.2 7.68
28.3 149.76
28.4 141.44
28.5 158.08
28.6 141.44
28.7 133.12
28.8 174.72
28.9 124.8
29 116.48
29.1 158.08
29.2 124.8
29.3 158.08
29.4 149.76
29.5 133.12
29.6 158.08
29.7 158.08
29.8 149.76
29.9 99.84
30 99.84
30.1 3.52
30.2 141.44
30.3 133.12
30.4 183.04
30.5 108.16
30.6 158.08
30.7 5.12
30.8 149.76
30.9 141.44
31 5.76
31.1 174.72
31.2 133.12
31.3 158.08
31.4 149.76
31.5 166.4
31.6 133.12
31.7 108.16
31.8 4.16
31.9 166.4
32 149.76
32.1 6.08
32.2 183.04
32.3 124.8
32.4 141.44
32.5 6.08
32.6 149.76
32.7 5.12
32.8 99.84
32.9 4.48
33 141.44
33.1 133.12
33.2 133.12
33.3 149.76
33.4 133.12
33.5 183.04
33.6 141.44
33.7 124.8
33.8 158.08
33.9 6.72
34 99.84
34.1 116.48
34.2 124.8
34.3 158.08
34.4 158.08
34.5 124.8
34.6 166.4
34.7 5.12
34.8 6.08
34.9 108.16
35 116.48
35.1 116.48
35.2 166.4
35.3 124.8
35.4 141.44
35.5 124.8
35.6 133.12
35.7 141.44
35.8 199.68
35.9 124.8
36 149.76
36.1 158.08
36.2 91.52
36.3 133.12
36.4 6.08
36.5 116.48
36.6 166.4
36.7 133.12
36.8 6.72
36.9 91.52
37 133.12
37.1 158.08
37.2 133.12
37.3 116.48
37.4 183.04
37.5 124.8
37.6 141.44
37.7 124.8
37.8 183.04
37.9 6.4
38 116.48
38.1 141.44
38.2 141.44
38.3 6.72
38.4 124.8
38.5 149.76
38.6 5.44
38.7 116.48
38.8 116.48
38.9 174.72
39 4.8
39.1 108.16
39.2 6.4
39.3 149.76
39.4 166.4
39.5 158.08
39.6 5.44
39.7 5.76
39.8 141.44
39.9 99.84
40 124.8
40.1 158.08
40.2 99.84
40.3 158.08
40.4 166.4
40.5 183.04
40.6 149.76
40.7 141.44
40.8 133.12
40.9 124.8
41 133.12
41.1 5.12
41.2 116.48
41.3 141.44
41.4 158.08
41.5 99.84
41.6 174.72
41.7 133.12
41.8 149.76
41.9 133.12
42 133.12
42.1 141.44
42.2 6.72
42.3 116.48
42.4 141.44
42.5 6.08
42.6 116.48
42.7 133.12
42.8 158.08
42.9 166.4
43 116.48
43.1 99.84
43.2 99.84
43.3 183.04
43.4 116.48
43.5 166.4
43.6 158.08
43.7 141.44
43.8 141.44
43.9 116.48
44 158.08
44.1 5.44
44.2 174.72
44.3 124.8
44.4 6.08
44.5 149.76
44.6 133.12
44.7 124.8
44.8 83.2
44.9 133.12
45 6.08
45.1 133.12
45.2 141.44
45.3 241.28
45.4 91.52
45.5 91.52
45.6 174.72
45.7 133.12
45.8 149.76
45.9 133.12
46 199.68
46.1 141.44
46.2 108.16
46.3 116.48
46.4 83.2
46.5 133.12
46.6 191.36
46.7 149.76
46.8 124.8
46.9 91.52
47 199.68
47.1 108.16
47.2 141.44
47.3 166.4
47.4 133.12
47.5 149.76
47.6 141.44
47.7 141.44
47.8 124.8
47.9 141.44
48 183.04
48.1 124.8
48.2 133.12
48.3 158.08
48.4 108.16
48.5 166.4
48.6 3.52
48.7 116.48
48.8 5.76
48.9 6.08
49 141.44
49.1 141.44
49.2 141.44
49.3 149.76
49.4 91.52
49.5 166.4
49.6 133.12
49.7 7.36
49.8 5.76
49.9 158.08
50 116.48
50.1 141.44
50.2 116.48
50.3 108.16
50.4 74.88
50.5 174.72
50.6 149.76
50.7 133.12
50.8 133.12
50.9 149.76
51 141.44
51.1 141.44
51.2 116.48
51.3 6.08
51.4 149.76
51.5 124.8
51.6 166.4
51.7 158.08
51.8 149.76
51.9 133.12
52 124.8
52.1 108.16
52.2 133.12
52.3 133.12
52.4 116.48
52.5 133.12
52.6 174.72
52.7 166.4
52.8 158.08
52.9 116.48
53 4.8
53.1 116.48
53.2 133.12
53.3 141.44
53.4 149.76
53.5 174.72
53.6 108.16
53.7 133.12
53.8 232.96
53.9 4.48
54 6.4
54.1 4.8
54.2 116.48
54.3 108.16
54.4 108.16
54.5 5.76
54.6 183.04
54.7 149.76
54.8 133.12
54.9 208
55 5.44
55.1 116.48
55.2 124.8
55.3 124.8
55.4 124.8
55.5 149.76
55.6 141.44
55.7 149.76
55.8 99.84
55.9 141.44
56 141.44
56.1 124.8
56.2 149.76
56.3 141.44
56.4 174.72
56.5 108.16
56.6 166.4
56.7 141.44
56.8 116.48
56.9 149.76
57 149.76
57.1 166.4
57.2 5.44
57.3 5.12
57.4 116.48
57.5 4.48
57.6 149.76
57.7 91.52
57.8 133.12
57.9 5.76
58 5.76
58.1 524.16
58.2 232.96
58.3 116.48
58.4 133.12
58.5 116.48
58.6 166.4
58.7 158.08
58.8 108.16
58.9 158.08
59 149.76
59.1 141.44
59.2 158.08
59.3 149.76
59.4 108.16
59.5 133.12
59.6 16.64
59.7 141.44
59.8 133.12
59.9 149.76
60 124.8
60.1 133.12
60.2 116.48
60.3 124.8
60.4 5.44
60.5 99.84
60.6 5.44
60.7 141.44
60.8 149.76
60.9 133.12
61 116.48
61.1 124.8
61.2 108.16
61.3 91.52
61.4 99.84
61.5 149.76
61.6 99.84
61.7 4.48
61.8 141.44
61.9 99.84
62 3.84
62.1 133.12
62.2 5.12
62.3 99.84
62.4 133.12
62.5 6.72
62.6 124.8
62.7 4.16
62.8 99.84
62.9 133.12
63 124.8
63.1 158.08
63.2 108.16
63.3 141.44
63.4 124.8
63.5 108.16
63.6 141.44
63.7 99.84
63.8 183.04
63.9 116.48
64 91.52
64.1 116.48
64.2 158.08
64.3 91.52
64.4 91.52
64.5 99.84
64.6 124.8
64.7 99.84
64.8 108.16
64.9 5.12
65 166.4
65.1 166.4
65.2 116.48
65.3 91.52
65.4 108.16
65.5 141.44
65.6 141.44
65.7 4.8
65.8 4.48
65.9 108.16
66 108.16
66.1 116.48
66.2 99.84
66.3 124.8
66.4 99.84
66.5 99.84
66.6 124.8
66.7 116.48
66.8 3.52
66.9 174.72
67 124.8
67.1 124.8
67.2 116.48
67.3 158.08
67.4 108.16
67.5 149.76
67.6 108.16
67.7 99.84
67.8 141.44
67.9 6.4
68 124.8
68.1 4.48
68.2 108.16
68.3 91.52
68.4 133.12
68.5 141.44
68.6 166.4
68.7 108.16
68.8 108.16
68.9 116.48
69 108.16
69.1 116.48
69.2 149.76
69.3 124.8
69.4 116.48
69.5 149.76
69.6 5.12
69.7 141.44
69.8 116.48
69.9 149.76
70 124.8
70.1 124.8
70.2 141.44
70.3 141.44
70.4 141.44
70.5 158.08
70.6 158.08
70.7 108.16
70.8 124.8
70.9 116.48
71 99.84
71.1 124.8
71.2 133.12
71.3 5.12
71.4 91.52
71.5 149.76
71.6 158.08
71.7 116.48
71.8 133.12
71.9 166.4
72 99.84
72.1 124.8
72.2 91.52
72.3 116.48
72.4 116.48
72.5 133.12
72.6 4.8
72.7 3.2
72.8 116.48
72.9 191.36
73 158.08
73.1 124.8
73.2 6.08
73.3 141.44
73.4 91.52
73.5 141.44
73.6 116.48
73.7 4.16
73.8 108.16
73.9 124.8
74 108.16
74.1 133.12
74.2 108.16
74.3 108.16
74.4 174.72
74.5 133.12
74.6 108.16
74.7 116.48
74.8 5.76
74.9 166.4
75 108.16
75.1 4.8
75.2 108.16
75.3 116.48
75.4 99.84
75.5 83.2
75.6 4.8
75.7 108.16
75.8 124.8
75.9 108.16
76 174.72
76.1 166.4
76.2 108.16
76.3 108.16
76.4 141.44
76.5 133.12
76.6 4.8
76.7 133.12
76.8 149.76
76.9 3.52
77 99.84
77.1 124.8
77.2 4.16
77.3 4.8
77.4 108.16
77.5 141.44
77.6 108.16
77.7 99.84
77.8 108.16
77.9 4.48
78 91.52
78.1 116.48
78.2 116.48
78.3 99.84
78.4 116.48
78.5 4.8
78.6 99.84
78.7 91.52
78.8 141.44
78.9 124.8
79 116.48
79.1 108.16
79.2 3.84
79.3 116.48
79.4 83.2
79.5 141.44
79.6 141.44
79.7 149.76
79.8 99.84
79.9 108.16
80 108.16
80.1 141.44
80.2 99.84
80.3 116.48
80.4 108.16
80.5 124.8
80.6 116.48
80.7 124.8
80.8 116.48
80.9 108.16
81 4.48
81.1 141.44
81.2 133.12
81.3 133.12
81.4 108.16
81.5 99.84
81.6 99.84
81.7 3.52
81.8 124.8
81.9 108.16
82 158.08
82.1 166.4
82.2 124.8
82.3 133.12
82.4 4.8
82.5 99.84
82.6 108.16
82.7 99.84
82.8 99.84
82.9 133.12
83 141.44
83.1 91.52
83.2 108.16
83.3 99.84
83.4 91.52
83.5 4.48
83.6 108.16
83.7 124.8
83.8 141.44
83.9 83.2
84 158.08
84.1 149.76
84.2 141.44
84.3 149.76
84.4 141.44
84.5 108.16
84.6 91.52
84.7 133.12
84.8 149.76
84.9 4.8
85 141.44
85.1 166.4
85.2 149.76
85.3 108.16
85.4 99.84
85.5 4.16
85.6 99.84
85.7 99.84
85.8 99.84
85.9 4.8
86 183.04
86.1 99.84
86.2 99.84
86.3 91.52
86.4 124.8
86.5 124.8
86.6 4.16
86.7 183.04
86.8 124.8
86.9 124.8
87 99.84
87.1 4.48
87.2 91.52
87.3 99.84
87.4 108.16
87.5 116.48
87.6 124.8
87.7 99.84
87.8 91.52
87.9 3.52
88 241.28
88.1 108.16
88.2 91.52
88.3 124.8
88.4 91.52
88.5 133.12
88.6 116.48
88.7 3.84
88.8 108.16
88.9 4.48
89 124.8
89.1 149.76
89.2 116.48
89.3 108.16
89.4 133.12
89.5 99.84
89.6 99.84
89.7 108.16
89.8 108.16
89.9 116.48
90 6.08
90.1 91.52
90.2 133.12
90.3 133.12
90.4 133.12
90.5 124.8
90.6 166.4
90.7 108.16
90.8 99.84
90.9 141.44
91 91.52
91.1 116.48
91.2 4.8
91.3 4.16
91.4 91.52
91.5 4.48
91.6 99.84
91.7 133.12
91.8 4.16
91.9 149.76
92 116.48
92.1 116.48
92.2 108.16
92.3 108.16
92.4 166.4
92.5 208
92.6 91.52
92.7 83.2
92.8 3.84
92.9 124.8
93 141.44
93.1 83.2
93.2 91.52
93.3 108.16
93.4 158.08
93.5 91.52
93.6 116.48
93.7 133.12
93.8 4.8
93.9 141.44
94 91.52
94.1 158.08
94.2 149.76
94.3 108.16
94.4 4.48
94.5 99.84
94.6 116.48
94.7 141.44
94.8 133.12
94.9 108.16
95 83.2
95.1 99.84
95.2 99.84
95.3 149.76
95.4 83.2
95.5 166.4
95.6 116.48
95.7 133.12
95.8 4.16
95.9 124.8
96 174.72
96.1 99.84
96.2 124.8
96.3 149.76
96.4 116.48
96.5 108.16
96.6 116.48
96.7 116.48
96.8 108.16
96.9 91.52
97 108.16
97.1 158.08
97.2 91.52
97.3 5.12
97.4 108.16
97.5 108.16
97.6 99.84
97.7 99.84
97.8 133.12
97.9 124.8
98 5.76
98.1 3.84
98.2 124.8
98.3 108.16
98.4 108.16
98.5 149.76
98.6 5.12
98.7 108.16
98.8 108.16
98.9 116.48
99 91.52
99.1 91.52
99.2 124.8
99.3 108.16
99.4 99.84
99.5 99.84
99.6 133.12
99.7 108.16
99.8 124.8
99.9 141.44
100 116.48
100.1 141.44
100.2 108.16
100.3 3.84
100.4 124.8
100.5 133.12
100.6 108.16
100.7 108.16
100.8 108.16
100.9 3.2
101 149.76
101.1 141.44
101.2 83.2
101.3 108.16
101.4 108.16
101.5 99.84
101.6 99.84
101.7 108.16
101.8 108.16
101.9 83.2
102 4.8
102.1 108.16
102.2 108.16
102.3 149.76
102.4 141.44
102.5 141.44
102.6 124.8
102.7 133.12
102.8 116.48
102.9 4.16
103 124.8
103.1 91.52
103.2 133.12
103.3 133.12
103.4 4.48
103.5 116.48
103.6 108.16
103.7 108.16
103.8 124.8
103.9 108.16
104 99.84
104.1 116.48
104.2 158.08
104.3 3.84
104.4 74.88
104.5 133.12
104.6 116.48
104.7 91.52
104.8 166.4
104.9 108.16
105 108.16
105.1 5.12
105.2 99.84
105.3 3.2
105.4 108.16
105.5 124.8
105.6 91.52
105.7 66.56
105.8 133.12
105.9 257.92
106 133.12
106.1 108.16
106.2 133.12
106.3 99.84
106.4 91.52
106.5 4.16
106.6 91.52
106.7 91.52
106.8 99.84
106.9 4.48
107 183.04
107.1 4.48
107.2 5.76
107.3 99.84
107.4 108.16
107.5 141.44
107.6 99.84
107.7 116.48
107.8 108.16
107.9 108.16
108 116.48
108.1 141.44
108.2 108.16
108.3 5.44
108.4 133.12
108.5 3.84
108.6 133.12
108.7 99.84
108.8 116.48
108.9 124.8
109 124.8
109.1 108.16
109.2 3.84
109.3 99.84
109.4 91.52
109.5 108.16
109.6 4.16
109.7 133.12
109.8 133.12
109.9 91.52
110 141.44
110.1 4.8
110.2 99.84
110.3 108.16
110.4 116.48
110.5 124.8
110.6 116.48
110.7 124.8
110.8 108.16
110.9 116.48
111 108.16
111.1 141.44
111.2 141.44
111.3 116.48
111.4 91.52
111.5 108.16
111.6 124.8
111.7 91.52
111.8 108.16
111.9 141.44
112 149.76
112.1 6.72
112.2 124.8
112.3 99.84
112.4 108.16
112.5 3.84
112.6 5.44
112.7 108.16
112.8 99.84
112.9 91.52
113 108.16
113.1 99.84
113.2 5.76
113.3 83.2
113.4 108.16
113.5 149.76
113.6 116.48
113.7 124.8
113.8 3.2
113.9 133.12
114 149.76
114.1 116.48
114.2 141.44
114.3 116.48
114.4 116.48
114.5 91.52
114.6 99.84
114.7 116.48
114.8 4.8
114.9 124.8
115 116.48
115.1 83.2
115.2 91.52
115.3 124.8
115.4 158.08
115.5 191.36
115.6 108.16
115.7 108.16
115.8 99.84
115.9 133.12
116 4.16
116.1 3.84
116.2 99.84
116.3 108.16
116.4 149.76
116.5 83.2
116.6 108.16
116.7 191.36
116.8 3.84
116.9 83.2
117 108.16
117.1 116.48
117.2 124.8
117.3 91.52
117.4 4.8
117.5 116.48
117.6 116.48
117.7 108.16
117.8 108.16
117.9 116.48
118 141.44
118.1 4.48
118.2 99.84
118.3 116.48
118.4 116.48
118.5 108.16
118.6 108.16
118.7 149.76
118.8 108.16
118.9 108.16
119 116.48
119.1 108.16
119.2 133.12
119.3 158.08
119.4 124.8
119.5 91.52
119.6 166.4
119.7 5.44
119.8 116.48
119.9 4.8
120 116.48
120.1 124.8
120.2 74.88
120.3 108.16
120.4 108.16
120.5 91.52
120.6 116.48
120.7 3.2
120.8 91.52
120.9 124.8
121 116.48
121.1 99.84
121.2 7.04
121.3 83.2
121.4 149.76
121.5 4.48
121.6 116.48
121.7 116.48
121.8 133.12
121.9 99.84
122 5.12
122.1 116.48
122.2 108.16
122.3 108.16
122.4 108.16
122.5 116.48
122.6 124.8
122.7 3.52
122.8 116.48
122.9 124.8
123 124.8
123.1 149.76
123.2 3.84
123.3 108.16
123.4 116.48
123.5 4.16
123.6 133.12
123.7 133.12
123.8 116.48
123.9 91.52
124 99.84
124.1 83.2
124.2 99.84
124.3 141.44
124.4 124.8
124.5 4.16
124.6 4.48
124.7 191.36
124.8 99.84
124.9 116.48
125 124.8
125.1 116.48
125.2 99.84
125.3 124.8
125.4 116.48
125.5 91.52
125.6 149.76
125.7 124.8
125.8 116.48
125.9 91.52
126 124.8
126.1 108.16
126.2 108.16
126.3 133.12
126.4 99.84
126.5 5.76
126.6 116.48
126.7 166.4
126.8 108.16
126.9 124.8
127 149.76
127.1 124.8
127.2 133.12
127.3 108.16
127.4 99.84
127.5 124.8
127.6 116.48
127.7 116.48
127.8 99.84
127.9 4.16
128 124.8
128.1 99.84
128.2 91.52
128.3 108.16
128.4 133.12
128.5 99.84
128.6 108.16
128.7 4.16
128.8 99.84
128.9 166.4
129 124.8
129.1 133.12
129.2 99.84
129.3 141.44
129.4 158.08
129.5 108.16
129.6 99.84
129.7 116.48
129.8 108.16
129.9 83.2
130 141.44
130.1 141.44
130.2 108.16
130.3 124.8
130.4 141.44
130.5 99.84
130.6 91.52
130.7 4.48
130.8 6.08
130.9 141.44
131 141.44
131.1 124.8
131.2 6.08
131.3 6.08
131.4 158.08
131.5 124.8
131.6 5.44
131.7 83.2
131.8 158.08
131.9 116.48
132 108.16
132.1 141.44
132.2 124.8
132.3 116.48
132.4 116.48
132.5 141.44
132.6 149.76
132.7 5.44
132.8 99.84
132.9 141.44
133 108.16
133.1 124.8
133.2 3.2
133.3 133.12
133.4 141.44
133.5 141.44
133.6 124.8
133.7 116.48
133.8 5.44
133.9 141.44
134 116.48
134.1 4.8
134.2 4.8
134.3 99.84
134.4 116.48
134.5 99.84
134.6 116.48
134.7 116.48
134.8 158.08
134.9 149.76
135 3.2
135.1 158.08
135.2 91.52
135.3 133.12
135.4 133.12
135.5 116.48
135.6 124.8
135.7 116.48
135.8 133.12
135.9 4.16
136 124.8
136.1 5.12
136.2 124.8
136.3 141.44
136.4 83.2
136.5 232.96
136.6 124.8
136.7 116.48
136.8 3.84
136.9 108.16
137 3.52
137.1 133.12
137.2 116.48
137.3 99.84
137.4 91.52
137.5 4.16
137.6 83.2
137.7 4.8
137.8 5.12
137.9 108.16
138 116.48
138.1 91.52
138.2 116.48
138.3 116.48
138.4 108.16
138.5 108.16
138.6 5.12
138.7 183.04
138.8 4.8
138.9 99.84
139 91.52
139.1 124.8
139.2 108.16
139.3 91.52
139.4 4.48
139.5 124.8
139.6 141.44
139.7 5.12
139.8 133.12
139.9 91.52
140 91.52
140.1 166.4
140.2 108.16
140.3 99.84
140.4 5.44
140.5 99.84
140.6 133.12
140.7 91.52
140.8 99.84
140.9 99.84
141 116.48
141.1 108.16
141.2 166.4
141.3 208
141.4 108.16
141.5 91.52
141.6 108.16
141.7 116.48
141.8 4.48
141.9 99.84
142 116.48
142.1 149.76
142.2 99.84
142.3 108.16
142.4 133.12
142.5 133.12
142.6 149.76
142.7 141.44
142.8 141.44
142.9 133.12
143 108.16
143.1 5.44
143.2 116.48
143.3 3.52
143.4 99.84
143.5 208
143.6 116.48
143.7 99.84
143.8 99.84
143.9 133.12
144 141.44
144.1 133.12
144.2 4.48
144.3 133.12
144.4 116.48
144.5 4.16
144.6 108.16
144.7 108.16
144.8 108.16
144.9 91.52
145 74.88
145.1 116.48
145.2 99.84
145.3 124.8
145.4 99.84
145.5 166.4
145.6 124.8
145.7 3.84
145.8 99.84
145.9 91.52
146 6.08
146.1 116.48
146.2 116.48
146.3 116.48
146.4 4.48
146.5 108.16
146.6 4.8
146.7 5.44
146.8 4.8
146.9 99.84
147 108.16
147.1 108.16
147.2 5.44
147.3 108.16
147.4 124.8
147.5 116.48
147.6 124.8
147.7 116.48
147.8 91.52
147.9 124.8
148 4.16
148.1 116.48
148.2 149.76
148.3 124.8
148.4 116.48
148.5 149.76
148.6 99.84
148.7 4.16
148.8 5.12
148.9 99.84
149 108.16
149.1 99.84
149.2 99.84
149.3 124.8
149.4 199.68
149.5 4.16
149.6 124.8
149.7 108.16
149.8 116.48
149.9 99.84
150 4.8
