0.5 0
0.6 0
0.7 0
0.8 0
0.9 0
1 1.68
1.1 42
1.2 43.68
1.3 45.36
1.4 45.36
1.5 43.68
1.6 45.36
1.7 45.36
1.8 43.68
1.9 45.36
2 45.36
2.1 43.68
2.2 45.36
2.3 45.36
2.4 43.68
2.5 45.36
2.6 45.36
2.7 43.68
2.8 45.36
2.9 45.36
3 43.68
3.1 45.36
3.2 45.36
3.3 43.68
3.4 45.36
3.5 45.36
3.6 43.68
3.7 45.36
3.8 45.36
3.9 43.68
4 45.36
4.1 45.36
4.2 43.68
4.3 45.36
4.4 45.36
4.5 43.68
4.6 45.36
4.7 45.36
4.8 43.68
4.9 45.36
5 45.36
5.1 43.68
5.2 45.36
5.3 45.36
5.4 43.68
5.5 45.36
5.6 45.36
5.7 43.68
5.8 45.36
5.9 45.36
6 43.68
6.1 45.36
6.2 45.36
6.3 43.68
6.4 45.36
6.5 45.36
6.6 43.68
6.7 45.36
6.8 45.36
6.9 43.68
7 45.36
7.1 45.36
7.2 43.68
7.3 45.36
7.4 45.36
7.5 43.68
7.6 45.36
7.7 45.36
7.8 43.68
7.9 45.36
8 45.36
