0.5 0
0.6 0
0.7 0.32
0.8 0
0.9 0.32
1 0
1.1 0.32
1.2 0
1.3 0.32
1.4 0
1.5 0.32
1.6 0
1.7 0.32
1.8 0
1.9 0.32
2 0
2.1 0.32
2.2 0
2.3 0.32
2.4 0
2.5 0.32
2.6 0
2.7 0.32
2.8 0
2.9 0.32
3 0
3.1 0.32
3.2 0
3.3 0.32
3.4 0
3.5 0.32
3.6 0
3.7 0.32
3.8 0
3.9 0.32
4 0
4.1 0.32
4.2 0
4.3 0.32
4.4 0
4.5 0.32
4.6 0
4.7 0.32
4.8 0
4.9 0.32
5 0
5.1 0.32
5.2 0
5.3 0.32
5.4 0
5.5 0.384
5.6 0
5.7 0
5.8 0
5.9 0
6 0
6.1 0
6.2 0
6.3 0
6.4 0
6.5 0
6.6 0
6.7 0
6.8 0
6.9 0
7 0
7.1 0
7.2 0
7.3 0
7.4 0
7.5 0
7.6 0
7.7 0
7.8 0
7.9 0
8 0
8.1 0.384
8.2 0.384
8.3 0.384
8.4 0.384
8.5 0.384
8.6 0.384
8.7 0.384
8.8 0.384
8.9 0.352
9 0
9.1 0.384
9.2 0.384
9.3 0.384
9.4 0.384
9.5 0
9.6 0.384
9.7 0.384
9.8 0.384
9.9 0.384
10 0.384
10.1 373.632
10.2 352.896
10.3 456.192
10.4 54.912
10.5 166.4
10.6 133.12
10.7 166.4
10.8 174.72
10.9 208
11 108.16
11.1 108.16
11.2 141.44
11.3 158.08
11.4 149.76
11.5 108.16
11.6 158.08
11.7 141.44
11.8 108.16
11.9 141.44
12 7.68
12.1 144
12.2 40.96
12.3 76.032
12.4 22.176
12.5 7.392
12.6 765.44
12.7 158.08
12.8 166.4
12.9 141.44
13 5.12
13.1 257.92
13.2 34.944
13.3 1064.96
13.4 9.92
13.5 457.6
13.6 158.08
13.7 133.12
13.8 149.76
13.9 133.12
14 91.52
14.1 341.12
14.2 332.8
14.3 124.8
14.4 183.04
14.5 257.92
14.6 91.52
14.7 274.56
14.8 582.4
14.9 823.68
15 324.48
15.1 141.44
15.2 357.76
15.3 116.48
15.4 158.08
15.5 141.44
15.6 133.12
15.7 183.04
15.8 166.4
15.9 141.44
16 108.16
16.1 116.48
16.2 141.44
16.3 99.84
16.4 149.76
16.5 4.8
16.6 116.48
16.7 307.84
16.8 141.44
16.9 158.08
17 166.4
17.1 124.8
17.2 116.48
17.3 5.12
17.4 158.08
17.5 183.04
17.6 116.48
17.7 6.4
17.8 141.44
17.9 124.8
18 124.8
18.1 35.712
18.2 490.88
18.3 141.44
18.4 149.76
18.5 133.12
18.6 208
18.7 99.84
18.8 99.84
18.9 141.44
19 166.4
19.1 108.16
19.2 183.04
19.3 116.48
19.4 3.84
19.5 141.44
19.6 133.12
19.7 116.48
19.8 11.2
19.9 133.12
20 108.16
20.1 133.12
20.2 108.16
20.3 2271.36
20.4 507.52
20.5 3.2
20.6 70.752
20.7 12.672
20.8 416
20.9 416
21 158.08
21.1 241.28
21.2 316.16
21.3 141.44
21.4 108.16
21.5 124.8
21.6 133.12
21.7 108.16
21.8 158.08
21.9 83.2
22 99.84
22.1 166.4
22.2 224.64
22.3 99.84
22.4 116.48
22.5 5.12
22.6 141.44
22.7 391.04
22.8 4.8
22.9 133.12
23 149.76
23.1 83.2
23.2 124.8
23.3 116.48
23.4 149.76
23.5 133.12
23.6 133.12
23.7 191.36
23.8 99.84
23.9 116.48
24 91.52
24.1 3.84
24.2 4.48
24.3 133.12
24.4 158.08
24.5 5.44
24.6 133.12
24.7 133.12
24.8 91.52
24.9 3.84
25 216.32
25.1 91.52
25.2 266.24
25.3 74.88
25.4 4.8
25.5 166.4
25.6 91.52
25.7 124.8
25.8 108.16
25.9 141.44
26 149.76
26.1 116.48
26.2 108.16
26.3 141.44
26.4 99.84
26.5 124.8
26.6 5.76
26.7 158.08
26.8 108.16
26.9 99.84
27 124.8
27.1 6.08
27.2 158.08
27.3 199.68
27.4 99.84
27.5 158.08
27.6 91.52
27.7 8.32
27.8 99.84
27.9 83.2
28 133.12
28.1 158.08
28.2 91.52
28.3 149.76
28.4 124.8
28.5 99.84
28.6 83.2
28.7 83.2
28.8 83.2
28.9 108.16
29 158.08
29.1 158.08
29.2 116.48
29.3 99.84
29.4 158.08
29.5 174.72
29.6 116.48
29.7 116.48
29.8 8
29.9 108.16
30 74.88
30.1 183.04
30.2 83.2
30.3 83.2
30.4 83.2
30.5 91.52
30.6 266.24
30.7 216.32
30.8 191.36
30.9 141.44
31 6.4
31.1 132.48
31.2 142.56
31.3 499.2
31.4 332.8
31.5 26.88
31.6 316.16
31.7 11.84
31.8 158.08
31.9 13.44
32 124.8
32.1 166.4
32.2 116.48
32.3 158.08
32.4 133.12
32.5 83.2
32.6 45.12
32.7 1198.08
32.8 2088.32
32.9 1622.4
33 116.48
33.1 141.44
33.2 66.56
33.3 83.2
33.4 83.2
33.5 133.12
33.6 149.76
33.7 133.12
33.8 2679.04
33.9 183.04
34 116.48
34.1 216.32
34.2 99.84
34.3 124.8
34.4 149.76
34.5 141.44
34.6 2845.44
34.7 241.28
34.8 108.16
34.9 83.2
35 4.8
35.1 2279.68
35.2 382.72
35.3 4.8
35.4 241.28
35.5 124.8
35.6 15.36
35.7 2354.56
35.8 208
35.9 149.76
36 4.8
36.1 3061.76
36.2 232.96
36.3 6.72
36.4 149.76
36.5 133.12
36.6 99.84
36.7 133.12
36.8 108.16
36.9 232.96
37 133.12
37.1 108.16
37.2 149.76
37.3 124.8
37.4 74.88
37.5 149.76
37.6 149.76
37.7 183.04
37.8 116.48
37.9 6.08
38 307.84
38.1 158.08
38.2 174.72
38.3 99.84
38.4 208
38.5 8.96
38.6 149.76
38.7 2.88
38.8 208
38.9 149.76
39 158.08
39.1 2429.44
39.2 208
39.3 199.68
39.4 133.12
39.5 99.84
39.6 124.8
39.7 116.48
39.8 124.8
39.9 158.08
40 291.2
40.1 116.48
40.2 324.48
40.3 199.68
40.4 133.12
40.5 149.76
40.6 4.8
40.7 149.76
40.8 89.472
40.9 973.44
41 4.48
41.1 133.12
41.2 166.4
41.3 149.76
41.4 848.64
41.5 4143.36
41.6 366.08
41.7 166.4
41.8 83.2
41.9 83.2
42 4.16
42.1 2620.8
42.2 158.08
42.3 124.8
42.4 141.44
42.5 149.76
42.6 149.76
42.7 174.72
42.8 108.16
42.9 2196.48
43 133.12
43.1 133.12
43.2 183.04
43.3 108.16
43.4 183.04
43.5 4.48
43.6 2337.92
43.7 10.24
43.8 158.08
43.9 2096.64
44 2496
44.1 23.36
44.2 216.32
44.3 133.12
44.4 166.4
44.5 124.8
44.6 124.8
44.7 141.44
44.8 141.44
44.9 149.76
45 124.8
45.1 2753.92
45.2 12.8
45.3 241.28
45.4 133.12
45.5 166.4
45.6 99.84
45.7 133.12
45.8 191.36
45.9 116.48
46 133.12
46.1 133.12
46.2 5.76
46.3 116.48
46.4 174.72
46.5 116.48
46.6 5.76
46.7 141.44
46.8 7.04
46.9 2321.28
47 582.4
47.1 141.44
47.2 124.8
47.3 141.44
47.4 5.76
47.5 183.04
47.6 116.48
47.7 116.48
47.8 2371.2
47.9 307.84
48 183.04
48.1 141.44
48.2 66.432
48.3 211.904
48.4 33.792
48.5 499.2
48.6 274.56
48.7 141.44
48.8 1356.16
48.9 116.48
49 191.36
49.1 823.68
49.2 1855.36
49.3 133.12
49.4 124.8
49.5 216.32
49.6 158.08
49.7 149.76
49.8 99.84
49.9 2371.2
50 141.44
50.1 108.16
50.2 149.76
50.3 158.08
50.4 4.8
50.5 141.44
50.6 3269.76
50.7 149.76
50.8 249.6
50.9 149.76
51 149.76
51.1 149.76
51.2 141.44
51.3 108.16
51.4 166.4
51.5 108.16
51.6 1664
51.7 1905.28
51.8 216.32
51.9 141.44
52 5.44
52.1 5.44
52.2 149.76
52.3 124.8
52.4 341.12
52.5 599.04
52.6 166.4
52.7 141.44
52.8 141.44
52.9 149.76
53 158.08
53.1 2853.76
53.2 124.8
53.3 108.16
53.4 191.36
53.5 149.76
53.6 133.12
53.7 133.12
53.8 141.44
53.9 116.48
54 5.76
54.1 199.68
54.2 149.76
54.3 166.4
54.4 83.2
54.5 158.08
54.6 191.36
54.7 91.52
54.8 133.12
54.9 133.12
55 174.72
55.1 174.336
55.2 74.24
55.3 399.36
55.4 158.08
55.5 183.04
55.6 6.08
55.7 149.76
55.8 141.44
55.9 99.84
56 166.4
56.1 141.44
56.2 116.48
56.3 158.08
56.4 158.08
56.5 81.6
56.6 424.32
56.7 216.32
56.8 158.08
56.9 2321.28
57 124.8
57.1 191.36
57.2 158.08
57.3 149.76
57.4 133.12
57.5 1988.48
57.6 2704
57.7 241.28
57.8 149.76
57.9 133.12
58 6.4
58.1 2870.4
58.2 124.8
58.3 158.08
58.4 174.72
58.5 141.44
58.6 133.12
58.7 2213.12
58.8 540.8
58.9 2146.56
59 6.4
59.1 82.56
59.2 38.4
59.3 366.08
59.4 166.4
59.5 124.8
59.6 141.44
59.7 124.8
59.8 174.72
59.9 141.44
60 5.12
60.1 133.12
60.2 199.68
60.3 124.8
60.4 208
60.5 124.8
60.6 149.76
60.7 282.88
60.8 532.48
60.9 133.12
61 66.048
61.1 515.84
61.2 5.12
61.3 166.4
61.4 7.36
61.5 6.08
61.6 93.44
61.7 149.76
61.8 149.76
61.9 116.48
62 91.52
62.1 158.08
62.2 174.72
62.3 149.76
62.4 149.76
62.5 108.16
62.6 141.44
62.7 4.8
62.8 191.36
62.9 77.952
63 1597.44
63.1 56.96
63.2 748.8
63.3 133.12
63.4 124.8
63.5 199.68
63.6 57.6
63.7 1472.64
63.8 133.12
63.9 299.52
64 55.296
64.1 1555.84
64.2 91.52
64.3 4.8
64.4 257.92
64.5 91.52
64.6 99.84
64.7 2421.12
64.8 191.36
64.9 141.44
65 91.52
65.1 118.08
65.2 174.72
65.3 124.8
65.4 108.16
65.5 191.36
65.6 124.8
65.7 116.48
65.8 2404.48
65.9 50.56
66 282.88
66.1 108.16
66.2 124.8
66.3 133.12
66.4 91.52
66.5 158.08
66.6 158.08
66.7 124.8
66.8 133.12
66.9 116.48
67 116.48
67.1 99.84
67.2 99.84
67.3 133.12
67.4 108.16
67.5 124.8
67.6 124.8
67.7 91.52
67.8 133.12
67.9 99.84
68 108.16
68.1 1938.56
68.2 12.8
68.3 4.16
68.4 6.4
68.5 141.44
68.6 2579.2
68.7 141.44
68.8 124.8
68.9 124.8
69 4.48
69.1 72.192
69.2 1539.2
69.3 158.08
69.4 124.8
69.5 116.48
69.6 116.48
69.7 5.76
69.8 124.8
69.9 158.08
70 108.16
70.1 133.12
70.2 432.64
70.3 158.08
70.4 166.4
70.5 116.48
70.6 174.72
70.7 108.16
70.8 108.16
70.9 6.4
71 4.8
71.1 149.76
71.2 133.12
71.3 149.76
71.4 124.8
71.5 141.44
71.6 141.44
71.7 166.4
71.8 108.16
71.9 158.08
72 99.84
72.1 124.8
72.2 141.44
72.3 158.08
72.4 166.4
72.5 166.4
72.6 108.16
72.7 108.16
72.8 124.8
72.9 133.12
73 183.04
73.1 3.84
73.2 158.08
73.3 4.8
73.4 149.76
73.5 124.8
73.6 141.44
73.7 116.48
73.8 183.04
73.9 116.48
74 2570.88
74.1 440.96
74.2 141.44
74.3 141.44
74.4 5.44
74.5 174.72
74.6 108.16
74.7 133.12
74.8 149.76
74.9 191.36
75 124.8
75.1 158.08
75.2 5.44
75.3 149.76
75.4 124.8
75.5 108.16
75.6 158.08
75.7 166.4
75.8 133.12
75.9 158.08
76 108.16
76.1 191.36
76.2 124.8
76.3 183.04
76.4 4.48
76.5 183.04
76.6 99.84
76.7 5.76
76.8 191.36
76.9 133.12
77 141.44
77.1 141.44
77.2 158.08
77.3 141.44
77.4 6.08
77.5 174.72
77.6 149.76
77.7 124.8
77.8 116.48
77.9 166.4
78 158.08
78.1 174.72
78.2 91.52
78.3 99.84
78.4 6.08
78.5 158.08
78.6 191.36
78.7 241.28
78.8 166.4
78.9 133.12
79 4.8
79.1 158.08
79.2 6.4
79.3 158.08
79.4 149.76
79.5 141.44
79.6 141.44
79.7 149.76
79.8 2645.76
79.9 124.8
80 133.12
80.1 158.08
80.2 166.4
80.3 166.4
80.4 108.16
80.5 191.36
80.6 4.8
80.7 124.8
80.8 158.08
80.9 141.44
81 174.72
81.1 149.76
81.2 2337.92
81.3 216.32
81.4 166.4
81.5 149.76
81.6 141.44
81.7 166.4
81.8 116.48
81.9 6.4
82 149.76
82.1 116.48
82.2 208
82.3 116.48
82.4 166.4
82.5 183.04
82.6 133.12
82.7 124.8
82.8 133.12
82.9 141.44
83 4.48
83.1 183.04
83.2 141.44
83.3 6.08
83.4 6.4
83.5 141.44
83.6 5.12
83.7 166.4
83.8 133.12
83.9 158.08
84 133.12
84.1 183.04
84.2 158.08
84.3 91.52
84.4 199.68
84.5 6.4
84.6 149.76
84.7 141.44
84.8 133.12
84.9 124.8
85 183.04
85.1 149.76
85.2 149.76
85.3 149.76
85.4 282.88
85.5 166.4
85.6 149.76
85.7 149.76
85.8 5.12
85.9 149.76
86 191.36
86.1 116.48
86.2 208
86.3 4.16
86.4 199.68
86.5 124.8
86.6 158.08
86.7 108.16
86.8 199.68
86.9 149.76
87 108.16
87.1 149.76
87.2 9.6
87.3 133.12
87.4 316.16
87.5 158.08
87.6 108.16
87.7 158.08
87.8 158.08
87.9 166.4
88 191.36
88.1 149.76
88.2 5.44
88.3 185.472
88.4 116.48
88.5 6.528
88.6 188.544
88.7 1189.76
88.8 9.6
88.9 1813.76
89 6.144
89.1 4617.6
89.2 12.48
89.3 316.16
89.4 141.44
89.5 124.8
89.6 6.144
89.7 109.12
89.8 208
89.9 4.8
90 149.76
90.1 99.84
90.2 149.76
90.3 174.72
90.4 2637.44
90.5 482.56
90.6 149.76
90.7 124.8
90.8 133.12
90.9 5.76
91 183.04
91.1 149.76
91.2 149.76
91.3 141.44
91.4 133.12
91.5 183.04
91.6 124.8
91.7 133.12
91.8 183.04
91.9 5.44
92 141.44
92.1 5.44
92.2 174.72
92.3 324.48
92.4 19.84
92.5 2737.28
92.6 174.72
92.7 124.8
92.8 108.16
92.9 216.32
93 174.72
93.1 108.16
93.2 5.44
93.3 124.8
93.4 174.72
93.5 116.48
93.6 133.12
93.7 199.68
93.8 141.44
93.9 174.72
94 116.48
94.1 141.44
94.2 116.48
94.3 199.68
94.4 141.44
94.5 141.44
94.6 133.12
94.7 141.44
94.8 133.12
94.9 199.68
95 166.4
95.1 158.08
95.2 108.16
95.3 174.72
95.4 133.12
95.5 108.16
95.6 183.04
95.7 116.48
95.8 141.44
95.9 6.08
96 191.36
96.1 133.12
96.2 149.76
96.3 29.184
96.4 1996.8
96.5 149.76
96.6 7.68
96.7 6.08
96.8 224.64
96.9 108.16
97 174.72
97.1 149.76
97.2 3.52
97.3 224.64
97.4 108.16
97.5 158.08
97.6 141.44
97.7 92.544
97.8 599.04
97.9 74.88
98 191.36
98.1 149.76
98.2 158.08
98.3 124.8
98.4 141.44
98.5 108.16
98.6 166.4
98.7 174.72
98.8 141.44
98.9 149.76
99 158.08
99.1 7.68
99.2 174.72
99.3 174.72
99.4 124.8
99.5 149.76
99.6 116.48
99.7 174.72
99.8 124.8
99.9 124.8
100 291.2
100.1 133.12
100.2 199.68
100.3 183.04
100.4 116.48
100.5 99.84
100.6 7.04
100.7 133.12
100.8 141.44
100.9 149.76
101 108.16
101.1 291.2
101.2 199.68
101.3 141.44
101.4 166.4
101.5 21.12
101.6 1098.24
101.7 99.84
101.8 99.84
101.9 116.48
102 224.64
102.1 632.32
102.2 2479.36
102.3 99.84
102.4 91.52
102.5 2795.52
102.6 216.32
102.7 191.36
102.8 108.16
102.9 141.44
103 7.68
103.1 34.176
103.2 190.08
103.3 159.36
103.4 22.72
103.5 2778.88
103.6 141.44
103.7 191.36
103.8 158.08
103.9 133.12
104 158.08
104.1 432.64
104.2 4392.96
104.3 615.68
104.4 257.92
104.5 3.84
104.6 108.16
104.7 116.48
104.8 116.48
104.9 99.84
105 116.48
105.1 141.44
105.2 116.48
105.3 1880.32
105.4 807.04
105.5 116.48
105.6 83.2
105.7 5.76
105.8 133.12
105.9 91.52
106 108.16
106.1 5.12
106.2 133.12
106.3 6.4
106.4 149.76
106.5 4.16
106.6 2520.96
106.7 274.56
106.8 116.48
106.9 99.84
107 141.44
107.1 124.8
107.2 116.48
107.3 133.12
107.4 4.16
107.5 158.08
107.6 99.84
107.7 133.12
107.8 174.72
107.9 124.8
108 141.44
108.1 116.48
108.2 116.48
108.3 4.8
108.4 124.8
108.5 166.4
108.6 108.16
108.7 141.44
108.8 158.08
108.9 124.8
109 116.48
109.1 124.8
109.2 166.4
109.3 116.48
109.4 133.12
109.5 116.48
109.6 116.48
109.7 158.08
109.8 149.76
109.9 99.84
110 158.08
110.1 108.16
110.2 141.44
110.3 116.48
110.4 2271.36
110.5 2321.28
110.6 407.68
110.7 133.12
110.8 91.52
110.9 141.44
111 124.8
111.1 124.8
111.2 133.12
111.3 116.48
111.4 108.16
111.5 166.4
111.6 5.12
111.7 191.36
111.8 124.8
111.9 141.44
112 133.12
112.1 3.84
112.2 4.48
112.3 158.08
112.4 6.4
112.5 149.76
112.6 158.08
112.7 99.84
112.8 124.8
112.9 116.48
113 116.48
113.1 116.48
113.2 158.08
113.3 141.44
113.4 3.84
113.5 108.16
113.6 124.8
113.7 124.8
113.8 116.48
113.9 141.44
114 158.08
114.1 133.12
114.2 183.04
114.3 91.52
114.4 2304.64
114.5 15.36
114.6 191.36
114.7 116.48
114.8 124.8
114.9 166.4
115 174.72
115.1 99.84
115.2 149.76
115.3 124.8
115.4 174.72
115.5 141.44
115.6 141.44
115.7 116.48
115.8 141.44
115.9 149.76
116 91.52
116.1 108.16
116.2 141.44
116.3 124.8
116.4 108.16
116.5 133.12
116.6 133.12
116.7 124.8
116.8 191.36
116.9 149.76
117 108.16
117.1 133.12
117.2 183.04
117.3 99.84
117.4 149.76
117.5 133.12
117.6 141.44
117.7 133.12
117.8 116.48
117.9 108.16
118 174.72
118.1 133.12
118.2 174.72
118.3 133.12
118.4 83.2
118.5 174.72
118.6 124.8
118.7 124.8
118.8 108.16
118.9 4.48
119 183.04
119.1 91.52
119.2 199.68
119.3 158.08
119.4 108.16
119.5 216.32
119.6 108.16
119.7 116.48
119.8 133.12
119.9 3.84
120 5.12
120.1 133.12
120.2 99.84
120.3 83.2
120.4 166.4
120.5 116.48
120.6 133.12
120.7 174.72
120.8 158.08
120.9 141.44
121 99.84
121.1 149.76
121.2 149.76
121.3 133.12
121.4 141.44
121.5 124.8
121.6 116.48
121.7 183.04
121.8 83.2
121.9 83.2
122 133.12
122.1 6.08
122.2 166.4
122.3 108.16
122.4 149.76
122.5 174.72
122.6 124.8
122.7 108.16
122.8 116.48
122.9 133.12
123 149.76
123.1 158.08
123.2 91.52
123.3 166.4
123.4 7.36
123.5 116.48
123.6 108.16
123.7 149.76
123.8 141.44
123.9 116.48
124 183.04
124.1 149.76
124.2 124.8
124.3 124.8
124.4 216.32
124.5 124.8
124.6 124.8
124.7 108.16
124.8 4.8
124.9 133.12
125 158.08
125.1 149.76
125.2 166.4
125.3 99.84
125.4 91.52
125.5 124.8
125.6 149.76
125.7 149.76
125.8 99.84
125.9 241.28
126 141.44
126.1 174.72
126.2 99.84
126.3 3.52
126.4 141.44
126.5 108.16
126.6 141.44
126.7 133.12
126.8 166.4
126.9 124.8
127 166.4
127.1 141.44
127.2 116.48
127.3 5.76
127.4 158.08
127.5 158.08
127.6 199.68
127.7 149.76
127.8 124.8
127.9 108.16
128 124.8
128.1 191.36
128.2 158.08
128.3 116.48
128.4 141.44
128.5 99.84
128.6 4.16
128.7 133.12
128.8 124.8
128.9 108.16
129 105.952
129.1 391.04
129.2 158.08
129.3 149.76
129.4 108.16
129.5 133.12
129.6 124.8
129.7 208
129.8 74.88
129.9 2312.96
130 482.56
130.1 8.32
130.2 108.16
130.3 133.12
130.4 166.4
130.5 108.16
130.6 133.12
130.7 158.08
130.8 99.84
130.9 158.08
131 141.44
131.1 5.12
131.2 174.72
131.3 83.2
131.4 158.08
131.5 224.64
131.6 116.48
131.7 141.44
131.8 149.76
131.9 116.48
132 141.44
132.1 116.48
132.2 166.4
132.3 183.04
132.4 848.64
132.5 1015.04
132.6 291.2
132.7 174.72
132.8 108.16
132.9 91.52
133 124.8
133.1 208
133.2 124.8
133.3 158.08
133.4 6.72
133.5 249.6
133.6 166.4
133.7 83.2
133.8 116.48
133.9 4.48
134 149.76
134.1 166.4
134.2 108.16
134.3 149.76
134.4 4.8
134.5 158.08
134.6 133.12
134.7 241.28
134.8 99.84
134.9 108.16
135 158.08
135.1 5.76
135.2 191.36
135.3 108.16
135.4 141.44
135.5 99.84
135.6 124.8
135.7 199.68
135.8 141.44
135.9 141.44
136 149.76
136.1 149.76
136.2 158.08
136.3 91.52
136.4 99.84
136.5 274.56
136.6 141.44
136.7 91.52
136.8 133.12
136.9 124.8
137 5.76
137.1 133.12
137.2 141.44
137.3 1938.56
137.4 249.6
137.5 274.56
137.6 183.04
137.7 208
137.8 124.8
137.9 49.92
138 83.2
138.1 158.08
138.2 83.2
138.3 191.36
138.4 108.16
138.5 149.76
138.6 108.16
138.7 158.08
138.8 124.8
138.9 183.04
139 1356.16
139.1 28.48
139.2 241.28
139.3 183.04
139.4 124.8
139.5 116.48
139.6 133.12
139.7 149.76
139.8 99.84
139.9 149.76
140 133.12
140.1 6.08
140.2 133.12
140.3 158.08
140.4 6.08
140.5 108.16
140.6 208
140.7 99.84
140.8 2371.2
140.9 124.8
141 116.48
141.1 224.64
141.2 149.76
141.3 108.16
141.4 166.4
141.5 174.72
141.6 91.52
141.7 133.12
141.8 166.4
141.9 116.48
142 116.48
142.1 5.12
142.2 124.8
142.3 199.68
142.4 124.8
142.5 4.16
142.6 191.36
142.7 183.04
142.8 124.8
142.9 99.84
143 133.12
143.1 191.36
143.2 108.16
143.3 108.16
143.4 116.48
143.5 149.76
143.6 133.12
143.7 124.8
143.8 5.76
143.9 149.76
144 141.44
144.1 116.48
144.2 133.12
144.3 116.48
144.4 183.04
144.5 6.08
144.6 224.64
144.7 183.04
144.8 124.8
144.9 91.52
145 108.16
145.1 116.48
145.2 2246.4
145.3 424.32
145.4 174.72
145.5 149.76
145.6 141.44
145.7 191.36
145.8 5.44
145.9 133.12
146 183.04
146.1 83.2
146.2 149.76
146.3 158.08
146.4 208
146.5 224.64
146.6 108.16
146.7 83.2
146.8 133.12
146.9 108.16
147 133.12
147.1 199.68
147.2 116.48
147.3 141.44
147.4 216.32
147.5 116.48
147.6 141.44
147.7 91.52
147.8 81.28
147.9 490.88
148 149.76
148.1 199.68
148.2 8.96
148.3 116.48
148.4 124.8
148.5 149.76
148.6 208
148.7 149.76
148.8 116.48
148.9 141.44
149 208
149.1 141.44
149.2 108.16
149.3 108.16
149.4 4.8
149.5 133.12
149.6 166.4
149.7 257.92
149.8 116.48
149.9 116.48
150 6.08
