0.5 0
0.5 0
0.6 0
0.6 0
0.6 0
0.6 0
0.6 0
0.6 0
0.6 0
0.6 0
0.6 0
0.6 0
0.6 0
0.6 0
0.6 0
0.6 0
0.6 0
0.6 0
0.6 0
0.6 0
0.6 0
0.6 0
0.6 0
0.6 0
0.6 0
0.6 0
0.6 0
0.6 0
0.6 0
0.6 0
0.6 0
0.6 0
0.6 0
0.6 0
0.6 0
0.6 0
0.6 0
0.6 0
0.6 0
0.6 0
0.6 0
0.6 0
0.6 0
0.6 0
0.6 0
0.6 0
0.6 0
0.6 0
0.6 0
0.6 0
0.6 0
0.6 0
0.6 0
0.6 0
0.6 0
0.6 0
0.6 0
0.6 0
0.6 0
0.6 0
0.6 0
0.6 0
0.6 0
0.6 0
0.6 0
0.6 0
0.6 0
0.6 0
0.6 0
0.6 0
0.6 0
0.6 0
0.6 0
0.6 0
0.6 0
0.6 0
0.6 0
0.6 0
0.6 0
0.6 0
0.6 0
0.6 0
0.6 0
0.6 0
0.6 0
0.6 0
0.6 0
0.6 0
0.6 0
0.6 0
0.6 0
0.6 0
0.6 0
0.6 0
0.6 0
0.6 0
0.6 0
0.6 0
0.6 0
0.6 0
0.6 0
0.6 0
0.6 0
0.6 0
0.6 0
0.6 0
0.6 0
0.6 0
0.6 0
0.6 0
0.6 0
0.7 0
0.7 0
0.7 0
0.7 0
0.7 0
0.7 0
0.7 0
0.7 0
0.7 0
0.7 0
0.7 0
0.7 0
0.7 0
0.7 0
0.7 0
0.7 0
0.7 0
0.7 0
0.7 0
0.7 0
0.7 0
0.7 0
0.7 0
0.7 0
0.7 0
0.7 0
0.7 0
0.7 0
0.7 0
0.7 0
0.7 0
0.7 0
0.7 0
0.7 0
0.7 0
0.7 0
0.7 0
0.7 0
0.7 0
0.7 0
0.7 0
0.7 0
0.7 0
0.7 0
0.7 0
0.7 0
0.7 0
0.7 0
0.7 0
0.7 0
0.7 0
0.7 0
0.7 0
0.7 0
0.7 0
0.7 0
0.7 0
0.7 0
0.7 0
0.7 0
0.7 0
0.7 0
0.7 0
0.7 0
0.7 0
0.7 0
0.7 0
0.7 0
0.7 0
0.7 0
0.7 0
0.7 0
0.7 0
0.7 0
0.7 0
0.7 0
0.7 0
0.7 0
0.7 0
0.7 0
0.7 0
0.7 0
0.7 0
0.7 0
0.7 0
0.7 0
0.7 0
0.7 0
0.7 0
0.7 0
0.7 0
0.7 0
0.7 0
0.7 0
0.7 0
0.7 0
0.7 0
0.7 0
0.7 0
0.7 0
0.7 0
0.7 0
0.7 0
0.7 0
0.7 0
0.7 0
0.7 0
0.7 0
0.7 0
0.7 0
0.7 0
0.7 0
0.7 0
0.7 0
0.7 0
0.7 0
0.7 0
0.7 0
0.7 0
0.7 0
0.8 0
0.8 0
0.8 0
0.8 0
0.8 0
0.8 0
0.8 0
0.8 0
0.8 0
0.8 0
0.8 0
0.8 0
0.8 0
0.8 0
0.8 0
0.8 0
0.8 0
0.8 0
0.8 0
0.8 0
0.8 0
0.8 0
0.8 0
0.8 0
0.8 0
0.8 0
0.8 0
0.8 0
0.8 0
0.8 0
0.8 0
0.8 0
0.8 0
0.8 0
0.8 0
0.8 0
0.8 0
0.8 0
0.8 0
0.8 0
0.8 0
0.8 0
0.8 0
0.8 0
0.8 0
0.8 0
0.8 0
0.8 0
0.8 0
0.8 0
0.8 0
0.8 0
0.8 0
0.8 0
0.8 0
0.8 0
0.8 0
0.8 0
0.8 0
0.8 0
0.8 0
0.8 0
0.8 0
0.8 0
0.8 0
0.8 0
0.8 0
0.8 0
0.8 0
0.8 0
0.8 0
0.8 0
0.8 0
0.8 0
0.8 0
0.8 0
0.8 0
0.8 0
0.8 0
0.8 0
0.8 0
0.8 0
0.8 0
0.8 0
0.8 0
0.8 0
0.8 0
0.8 0
0.8 0
0.8 0
0.8 0
0.8 0
0.8 0
0.8 0
0.8 0
0.8 0
0.8 0
0.8 0
0.8 0
0.8 0
0.8 0
0.8 0
0.8 0
0.8 0
0.8 0
0.8 0
0.8 0
0.8 0
0.8 0
0.8 0
0.8 0
0.8 0
0.8 0
0.8 0
0.8 0
0.8 0
0.8 0
0.8 0
0.9 0
0.9 0
0.9 0
0.9 0
0.9 0
0.9 0
0.9 0
0.9 0
0.9 0
0.9 0
0.9 0
0.9 0
0.9 0
0.9 0
0.9 0
0.9 0
0.9 0
0.9 0
0.9 0
0.9 0
0.9 0
0.9 0
0.9 0
0.9 0
0.9 0
0.9 0
0.9 0
0.9 0
0.9 0
0.9 0
0.9 0
0.9 0
0.9 0
0.9 0
0.9 0
0.9 0
0.9 0
0.9 0
0.9 0
0.9 0
0.9 0
0.9 0
0.9 0
0.9 0
0.9 0
0.9 0
0.9 0
0.9 0
0.9 0
0.9 0
0.9 0
0.9 0
0.9 0
0.9 0
0.9 0
0.9 0
0.9 0
0.9 0
0.9 0
0.9 0
0.9 0
0.9 0
0.9 0
0.9 0
0.9 0
0.9 0
0.9 0
0.9 0
0.9 0
0.9 0
0.9 0
0.9 0
0.9 0
0.9 0
0.9 0
0.9 0
0.9 0
0.9 0
0.9 0
0.9 0
0.9 0
0.9 0
0.9 0
0.9 0
0.9 0
0.9 0
0.9 0
0.9 0
0.9 0
0.9 0
0.9 0
0.9 0
0.9 0
0.9 0
0.9 0
0.9 0
0.9 0
0.9 0
0.9 0
0.9 0
0.9 0
0.9 0
0.9 0
0.9 0
0.9 0
0.9 0
0.9 0
0.9 0
0.9 0
0.9 0
0.9 0
0.9 0
0.9 0
0.9 0
0.9 0
0.9 0
0.9 0
0.9 0
0.9 0
0.9 0
1 0
1 0
1 0
1 0
1 0
1 0
1 0
1 0
1 0
1 0
1 0
1 0
1 0
1 0
1 0
1 0
1 0
1 0
1 0
1 0
1 0
1 0
1 0
1 0
1 0
1 0
1 0
1 0
1 0
1 0
1 0
1 0
1 0
1 0
1 0
1 0
1 0
1 0
1 0
1 0
1 0
1 0
1 0
1 0
1 0
1 0
1 0
1 0
1 0
1 0
1 0
1 0
1 0
1 0
1 0
1 0
1 0
1 0
1 0
1 0
1 0
1 0
1 0
1 0
1 0
1 0
1 0
1 0
1 0
1 0
1 0
1 0
1 0
1 0
1 0
1 0
1 0
1 0
1 0
1 0
1 0
1 0
1 0
1 0
1 0
1 0
1 0
1 0
1 0
1 0
1 0
1 0
1 0
1 0
1 0
1 0
1 0
1 0
1 0
1 0
1 0
1 0
1 0
1 0
1 0
1 0
1 0
1 0
1 0
1 0
1 0
1 0
1 0
1 0
1 0
1 0
1 0
1 0
1 0
1 0
1.1 0
1.1 0
1.1 0
1.1 0
1.1 0
1.1 0
1.1 0
1.1 0
1.1 0
1.1 0
1.1 0
1.1 0
1.1 0
1.1 0
1.1 0
1.1 0
1.1 0
1.1 0
1.1 0
1.1 0
1.1 0
1.1 0
1.1 0
1.1 0
1.1 0
1.1 0
1.1 0
1.1 0
1.1 0
1.1 0
1.1 0
1.1 0
1.1 0
1.1 0
1.1 0
1.1 0
1.1 0
1.1 0
1.1 0
1.1 0
1.1 0
1.1 0
1.1 0
1.1 0
1.1 0
1.1 0
1.1 0
1.1 0
1.1 0
1.1 0
1.1 0
1.1 0
1.1 0
1.1 0
1.1 0
1.1 0
1.1 0
1.1 0
1.1 0
1.1 0
1.1 0
1.1 0
1.1 0
1.1 0
1.1 0
1.1 0
1.1 0
1.1 0
1.1 0
1.1 0
1.1 0
1.1 0
1.1 0
1.1 0
1.1 0
1.1 0
1.1 0
1.1 0
1.1 0
1.1 0
1.1 0
1.1 0
1.1 0
1.1 0
1.1 0
1.1 0
1.1 0
1.1 0
1.1 0
1.1 0
1.1 0
1.1 0
1.1 0
1.1 0
1.1 0
1.1 0
1.1 0
1.1 0
1.1 0
1.1 0
1.1 0
1.1 0
1.1 0
1.1 0
1.1 0
1.1 0
1.1 0
1.1 0
1.1 0
1.1 0
1.1 0
1.1 0
1.1 0
1.1 0
1.1 0
1.1 0
1.1 0
1.1 0
1.1 0
1.1 0
1.1 0
1.1 0
1.1 0
1.1 0
1.1 0
1.1 0
1.1 0
1.1 0
1.1 0
1.1 0
1.1 0
1.1 0
1.1 0
1.1 0
1.1 0
1.1 0
1.1 0
1.1 0
1.1 0
1.1 0
1.1 0
1.1 0
1.1 0
1.1 0
1.1 0
1.1 0
1.1 0
1.1 0
1.1 0
1.1 0
1.1 0
1.1 0
1.1 0
1.1 0
1.1 0
1.1 0
1.1 0
1.1 0
1.1 0
1.1 0
1.1 0
1.1 0
1.1 0
1.1 0
1.1 0
1.1 0
1.1 0
1.1 0
1.1 0
1.2 0
1.2 0
1.2 0
1.2 0
1.2 0
1.2 0
1.2 0
1.2 0
1.2 0
1.2 0
1.2 0
1.2 0
1.2 0
1.2 0
1.2 0
1.2 0
1.2 0
1.2 0
1.2 0
1.2 0
1.2 0
1.2 0
1.2 0
1.2 0
1.2 0
1.2 0
1.2 0
1.2 0
1.2 0
1.2 0
1.2 0
1.2 0
1.2 0.353357
1.2 0.352113
1.2 0.350877
1.2 0.350877
1.2 0.350877
1.2 0.350877
1.2 0.350877
1.2 0.34965
1.2 0.34965
1.2 0.34965
1.2 0.348432
1.2 0.348432
1.2 0.347222
1.2 0.346021
1.2 0.346021
1.2 0.346021
1.2 0.346021
1.2 0.346021
1.2 0.344828
1.2 0.689655
1.2 0.687285
1.2 0.684932
1.2 0.684932
1.2 0.684932
1.2 0.682594
1.2 0.682594
1.2 0.682594
1.2 0.680272
1.2 1.02041
1.2 1.02041
1.2 1.01695
1.2 1.01351
1.2 1.01351
1.2 1.01351
1.2 1.01351
1.2 1.01351
1.2 1.0101
1.2 1.0101
1.2 1.0101
1.2 1.00671
1.2 1.00334
1.2 1
1.2 1
1.2 1
1.2 0.996678
1.2 1.3289
1.2 1.3289
1.2 1.3289
1.2 1.3245
1.2 1.32013
1.2 1.32013
1.2 1.32013
1.2 1.31579
1.2 1.31579
1.2 1.31579
1.2 1.31579
1.2 1.31148
1.2 1.63934
1.2 1.63399
1.2 1.62866
1.2 1.62866
1.2 1.62866
1.2 1.62866
1.2 1.62866
1.2 1.62338
1.2 1.62338
1.2 1.61812
1.2 1.6129
1.2 1.60772
1.2 1.60772
1.2 1.60772
1.2 1.60772
1.2 1.60772
1.2 1.60256
1.2 1.92308
1.2 1.91693
1.2 1.91083
1.2 1.91083
1.2 1.91083
1.2 1.91083
1.2 1.91083
1.2 1.90476
1.2 1.90476
1.2 1.90476
1.2 1.89873
1.2 2.21519
1.2 2.2082
1.2 2.20126
1.2 2.20126
1.2 2.20126
1.2 2.20126
1.2 2.20126
1.2 2.19436
1.2 2.50784
1.2 2.5
1.2 2.49221
1.2 2.49221
1.2 2.49221
1.2 2.48447
1.2 2.48447
1.2 2.48447
1.2 2.48447
1.2 2.47678
1.2 2.47678
1.2 2.46914
1.2 2.46154
1.2 2.46154
1.2 2.46154
1.2 2.46154
1.2 2.45399
1.2 2.45399
1.2 2.44648
1.2 2.75229
1.2 2.7439
1.2 2.73556
1.2 2.73556
1.2 2.73556
1.2 2.73556
1.2 2.73556
1.2 2.72727
1.2 2.72727
1.2 2.72727
1.2 2.71903
1.2 2.71084
1.2 2.71084
1.2 2.71084
1.2 2.7027
1.2 2.7027
1.2 2.7027
1.2 2.69461
1.2 2.99401
1.2 2.98507
1.2 2.97619
1.2 2.97619
1.2 2.97619
1.2 2.97619
1.2 2.97619
1.2 2.96736
1.2 3.26409
1.2 3.26409
1.2 3.25444
1.2 3.25444
1.2 3.24484
1.2 3.23529
1.2 3.23529
1.2 3.23529
1.2 3.23529
1.2 3.23529
1.2 3.22581
1.2 3.21637
1.2 3.207
1.2 3.207
1.2 3.207
1.3 3.207
1.3 3.19767
1.3 3.19767
1.3 3.18841
1.3 3.47826
1.3 3.47826
1.3 3.46821
1.3 3.45821
1.3 3.45821
1.3 3.45821
1.3 3.45821
1.3 3.45821
1.3 3.45821
1.3 3.44828
1.3 3.4384
1.3 3.42857
1.3 3.42857
1.3 3.42857
1.3 3.4188
1.3 3.4188
1.3 3.4188
1.3 3.40909
1.3 3.69318
1.3 3.68272
1.3 3.67232
1.3 3.67232
1.3 3.67232
1.3 3.67232
1.3 3.67232
1.3 3.66197
1.3 3.66197
1.3 3.66197
1.3 3.65169
1.3 3.93258
1.3 3.92157
1.3 3.91061
1.3 3.91061
1.3 3.91061
1.3 3.91061
1.3 3.91061
1.3 3.89972
1.3 3.89972
1.3 3.88889
1.3 3.87812
1.3 3.87812
1.3 3.87812
1.3 3.8674
1.3 3.8674
1.3 3.8674
1.3 3.85675
1.3 4.13223
1.3 4.12088
1.3 4.10959
1.3 4.10959
1.3 4.10959
1.3 4.10959
1.3 4.10959
1.3 4.10959
1.3 4.09836
1.3 4.37158
1.3 4.37158
1.3 4.35967
1.3 4.35967
1.3 4.34783
1.3 4.33604
1.3 4.33604
1.3 4.33604
1.3 4.32432
1.3 4.59459
1.3 4.58221
1.3 4.56989
1.3 4.56989
1.3 4.56989
1.3 4.56989
1.3 4.56989
1.3 4.55764
1.3 4.55764
1.3 4.55764
1.3 4.54545
1.3 4.54545
1.3 4.53333
1.3 4.52128
1.3 4.52128
1.3 4.52128
1.3 4.52128
1.3 4.52128
1.3 4.50928
1.3 4.77454
1.3 4.7619
1.3 4.74934
1.3 4.74934
1.3 4.74934
1.3 4.73684
1.3 4.73684
1.3 4.73684
1.3 4.72441
1.3 4.98688
1.3 4.98688
1.3 4.97382
1.3 4.96084
1.3 4.96084
1.3 4.96084
1.3 4.96084
1.3 4.96084
1.3 4.94792
1.3 5.20833
1.3 5.20833
1.3 5.20833
1.3 5.19481
1.3 5.18135
1.3 5.16796
1.3 5.16796
1.3 5.16796
1.3 5.15464
1.3 5.41237
1.3 5.41237
1.3 5.41237
1.3 5.39846
1.3 5.38462
1.3 5.38462
1.3 5.38462
1.3 5.37084
1.3 5.37084
1.3 5.37084
1.3 5.37084
1.3 5.35714
1.3 5.34351
1.3 5.32995
1.3 5.32995
1.3 5.32995
1.3 5.32995
1.3 5.32995
1.3 5.31646
1.3 5.56962
1.3 5.56962
1.3 5.55556
1.3 5.54156
1.3 5.52764
1.3 5.52764
1.3 5.52764
1.3 5.52764
1.3 5.52764
1.3 5.51378
1.3 5.5
1.3 5.48628
1.3 5.48628
1.3 5.48628
1.3 5.48628
1.3 5.48628
1.3 5.47264
1.3 5.72139
1.3 5.72139
1.3 5.72139
1.3 5.7072
1.3 5.95533
1.3 5.94059
1.3 5.92593
1.3 5.92593
1.3 5.92593
1.3 5.92593
1.3 5.92593
1.3 5.91133
1.3 6.15764
1.3 6.14251
1.3 6.12745
1.3 6.12745
1.3 6.12745
1.3 6.11247
1.3 6.11247
1.3 6.11247
1.3 6.11247
1.3 6.09756
1.3 6.09756
1.3 6.08273
1.3 6.06796
1.3 6.06796
1.3 6.06796
1.3 6.06796
1.3 6.05327
1.3 6.05327
1.3 6.03865
1.3 6.28019
1.3 6.26506
1.3 6.25
1.3 6.25
1.3 6.25
1.4 6.25
1.4 6.25
1.4 6.23501
1.4 6.23501
1.4 6.23501
1.4 6.2201
1.4 6.20525
1.4 6.20525
1.4 6.20525
1.4 6.19048
1.4 6.42857
1.4 6.42857
1.4 6.42857
1.4 6.4133
1.4 6.65083
1.4 6.63507
1.4 6.61939
1.4 6.61939
1.4 6.61939
1.4 6.61939
1.4 6.61939
1.4 6.60377
1.4 6.83962
1.4 6.83962
1.4 6.82353
1.4 6.82353
1.4 6.80751
1.4 6.79157
1.4 6.79157
1.4 6.79157
1.4 6.79157
1.4 6.79157
1.4 6.7757
1.4 6.75991
1.4 6.74419
1.4 6.74419
1.4 6.74419
1.4 6.74419
1.4 6.72854
1.4 6.72854
1.4 6.71296
1.4 6.94444
1.4 6.94444
1.4 6.92841
1.4 6.91244
1.4 6.91244
1.4 6.91244
1.4 6.91244
1.4 6.91244
1.4 6.91244
1.4 6.89655
1.4 6.88073
1.4 6.86499
1.4 6.86499
1.4 6.86499
1.4 6.84932
1.4 7.07763
1.4 7.07763
1.4 7.07763
1.4 7.0615
1.4 7.28929
1.4 7.27273
1.4 7.25624
1.4 7.25624
1.4 7.25624
1.4 7.25624
1.4 7.25624
1.4 7.23982
1.4 7.23982
1.4 7.23982
1.4 7.22348
1.4 7.20721
1.4 7.19101
1.4 7.19101
1.4 7.19101
1.4 7.19101
1.4 7.19101
1.4 7.17489
1.4 7.3991
1.4 7.3991
1.4 7.38255
1.4 7.36607
1.4 7.36607
1.4 7.36607
1.4 7.34967
1.4 7.34967
1.4 7.34967
1.4 7.33333
1.4 7.55556
1.4 7.5388
1.4 7.52212
1.4 7.52212
1.4 7.52212
1.4 7.52212
1.4 7.52212
1.4 7.52212
1.4 7.50552
1.4 7.50552
1.4 7.48899
1.4 7.70925
1.4 7.70925
1.4 7.69231
1.4 7.67544
1.4 7.67544
1.4 7.67544
1.4 7.65864
1.4 7.87746
1.4 7.86026
1.4 7.84314
1.4 7.84314
1.4 7.84314
1.4 7.84314
1.4 7.84314
1.4 7.82609
1.4 7.82609
1.4 7.82609
1.4 7.80911
1.4 7.80911
1.4 7.79221
1.4 7.77538
1.4 7.77538
1.4 7.77538
1.4 7.77538
1.4 7.77538
1.4 7.75862
1.4 7.97414
1.4 7.95699
1.4 7.93991
1.4 7.93991
1.4 7.93991
1.4 7.92291
1.4 7.92291
1.4 7.92291
1.4 7.90598
1.4 8.11966
1.4 8.11966
1.4 8.10235
1.4 8.08511
1.4 8.08511
1.4 8.08511
1.4 8.08511
1.4 8.08511
1.4 8.06794
1.4 8.28025
1.4 8.28025
1.4 8.28025
1.4 8.26271
1.4 8.24524
1.4 8.22785
1.4 8.22785
1.4 8.22785
1.4 8.21053
1.4 8.42105
1.4 8.42105
1.4 8.42105
1.4 8.40336
1.4 8.38574
1.4 8.38574
1.4 8.38574
1.4 8.3682
1.4 8.3682
1.4 8.3682
1.4 8.3682
1.4 8.35073
1.4 8.33333
1.4 8.31601
1.4 8.31601
1.4 8.31601
1.4 8.31601
1.4 8.31601
1.4 8.29876
1.4 8.50622
1.4 8.50622
1.4 8.48861
1.4 8.47107
1.4 8.45361
1.4 8.45361
1.4 8.45361
1.4 8.45361
1.4 8.45361
1.4 8.43621
1.4 8.41889
1.4 8.40164
1.4 8.40164
1.4 8.40164
1.4 8.40164
1.5 8.40164
1.5 8.38446
1.5 8.58896
1.5 8.58896
1.5 8.58896
1.5 8.57143
1.5 8.77551
1.5 8.75764
1.5 8.73984
1.5 8.73984
1.5 8.73984
1.5 8.73984
1.5 8.73984
1.5 8.72211
1.5 8.92495
1.5 8.90688
1.5 8.88889
1.5 8.88889
1.5 8.88889
1.5 8.87097
1.5 8.87097
1.5 8.87097
1.5 8.87097
1.5 8.85312
1.5 8.85312
1.5 8.83534
1.5 8.81764
1.5 8.81764
1.5 8.81764
1.5 8.81764
1.5 8.8
1.5 8.8
1.5 8.78244
1.5 8.98204
1.5 8.96414
1.5 8.94632
1.5 8.94632
1.5 8.94632
1.5 8.94632
1.5 8.94632
1.5 8.92857
1.5 8.92857
1.5 8.92857
1.5 8.91089
1.5 8.89328
1.5 8.89328
1.5 8.89328
1.5 8.87574
1.5 9.07298
1.5 9.07298
1.5 9.07298
1.5 9.05512
1.5 9.25197
1.5 9.23379
1.5 9.21569
1.5 9.21569
1.5 9.21569
1.5 9.21569
1.5 9.21569
1.5 9.19765
1.5 9.39335
1.5 9.39335
1.5 9.375
1.5 9.375
1.5 9.35673
1.5 9.33852
1.5 9.33852
1.5 9.33852
1.5 9.33852
1.5 9.33852
1.5 9.32039
1.5 9.30233
1.5 9.28433
1.5 9.28433
1.5 9.28433
1.5 9.28433
1.5 9.26641
1.5 9.26641
1.5 9.24855
1.5 9.44123
1.5 9.44123
1.5 9.42308
1.5 9.40499
1.5 9.40499
1.5 9.40499
1.5 9.40499
1.5 9.40499
1.5 9.40499
1.5 9.38697
1.5 9.36902
1.5 9.35115
1.5 9.35115
1.5 9.35115
1.5 9.33333
1.5 9.52381
1.5 9.52381
1.5 9.52381
1.5 9.5057
1.5 9.69582
1.5 9.67742
1.5 9.65909
1.5 9.65909
1.5 9.65909
1.5 9.65909
1.5 9.65909
1.5 9.64083
1.5 9.64083
1.5 9.64083
1.5 9.62264
1.5 9.60452
1.5 9.58647
1.5 9.58647
1.5 9.58647
1.5 9.58647
1.5 9.58647
1.5 9.56848
1.5 9.7561
1.5 9.7561
1.5 9.73783
1.5 9.71963
1.5 9.71963
1.5 9.71963
1.5 9.70149
1.5 9.70149
1.5 9.70149
1.5 9.68343
1.5 9.86965
1.5 9.8513
1.5 9.83302
1.5 9.83302
1.5 9.83302
1.5 9.83302
1.5 9.83302
1.5 9.83302
1.5 9.81481
1.5 9.81481
1.5 9.79667
1.5 9.98152
1.5 9.98152
1.5 9.9631
1.5 9.94475
1.5 9.94475
1.5 9.94475
1.5 9.92647
1.5 10.1103
1.5 10.0917
1.5 10.0733
1.5 10.0733
1.5 10.0733
1.5 10.0733
1.5 10.0733
1.5 10.0548
1.5 10.0548
1.5 10.0548
1.5 10.0365
1.5 10.0365
1.5 10.0182
1.5 10
1.5 10
1.5 10
1.5 10
1.5 10
1.5 9.98185
1.5 10.1633
1.5 10.1449
1.5 10.1266
1.5 10.1266
1.5 10.1266
1.5 10.1083
1.5 10.1083
1.5 10.1083
1.5 10.0901
1.5 10.2703
1.5 10.2703
1.5 10.2518
1.5 10.2334
1.5 10.2334
1.5 10.2334
1.5 10.2334
1.5 10.2334
1.5 10.2151
1.5 10.3943
1.5 10.3943
1.5 10.3943
1.5 10.3757
1.5 10.3571
1.5 10.3387
1.5 10.3387
1.6 10.3387
1.6 10.3203
1.6 10.4982
1.6 10.4982
1.6 10.4982
1.6 10.4796
1.6 10.461
1.6 10.461
1.6 10.461
1.6 10.4425
1.6 10.4425
1.6 10.4425
1.6 10.4425
1.6 10.424
1.6 10.4056
1.6 10.3873
1.6 10.3873
1.6 10.3873
1.6 10.3873
1.6 10.3873
1.6 10.3691
1.6 10.5448
1.6 10.5448
1.6 10.5263
1.6 10.5079
1.6 10.4895
1.6 10.4895
1.6 10.4895
1.6 10.4895
1.6 10.4895
1.6 10.4712
1.6 10.453
1.6 10.4348
1.6 10.4348
1.6 10.4348
1.6 10.4348
1.6 10.4348
1.6 10.4167
1.6 10.5903
1.6 10.5903
1.6 10.5903
1.6 10.5719
1.6 10.7452
1.6 10.7266
1.6 10.7081
1.6 10.7081
1.6 10.7081
1.6 10.7081
1.6 10.7081
1.6 10.6897
1.6 10.8621
1.6 10.8434
1.6 10.8247
1.6 10.8247
1.6 10.8247
1.6 10.8062
1.6 10.8062
1.6 10.8062
1.6 10.8062
1.6 10.7877
1.6 10.7877
1.6 10.7692
1.6 10.7509
1.6 10.7509
1.6 10.7509
1.6 10.7509
1.6 10.7325
1.6 10.7325
1.6 10.7143
1.6 10.8844
1.6 10.8659
1.6 10.8475
1.6 10.8475
1.6 10.8475
1.6 10.8475
1.6 10.8475
1.6 10.8291
1.6 10.8291
1.6 10.8291
1.6 10.8108
1.6 10.7926
1.6 10.7926
1.6 10.7926
1.6 10.7744
1.6 10.9428
1.6 10.9428
1.6 10.9428
1.6 10.9244
1.6 11.0924
1.6 11.0738
1.6 11.0553
1.6 11.0553
1.6 11.0553
1.6 11.0553
1.6 11.0553
1.6 11.0368
1.6 11.204
1.6 11.204
1.6 11.1853
1.6 11.1853
1.6 11.1667
1.6 11.1481
1.6 11.1481
1.6 11.1481
1.6 11.1481
1.6 11.1481
1.6 11.1296
1.6 11.1111
1.6 11.0927
1.6 11.0927
1.6 11.0927
1.6 11.0927
1.6 11.0744
1.6 11.0744
1.6 11.0561
1.6 11.2211
1.6 11.2211
1.6 11.2026
1.6 11.1842
1.6 11.1842
1.6 11.1842
1.6 11.1842
1.6 11.1842
1.6 11.1842
1.6 11.1658
1.6 11.1475
1.6 11.1293
1.6 11.1293
1.6 11.1293
1.6 11.1111
1.6 11.2745
1.6 11.2745
1.6 11.2745
1.6 11.2561
1.6 11.4192
1.6 11.4007
1.6 11.3821
1.6 11.3821
1.6 11.3821
1.6 11.3821
1.6 11.3821
1.6 11.3636
1.6 11.3636
1.6 11.3636
1.6 11.3452
1.6 11.3269
1.6 11.3086
1.6 11.3086
1.6 11.3086
1.6 11.3086
1.6 11.3086
1.6 11.2903
1.6 11.4516
1.6 11.4516
1.6 11.4332
1.6 11.4148
1.6 11.4148
1.6 11.4148
1.6 11.3965
1.6 11.3965
1.6 11.3965
1.6 11.3782
1.6 11.5385
1.6 11.52
1.6 11.5016
1.6 11.5016
1.6 11.5016
1.6 11.5016
1.6 11.5016
1.6 11.5016
1.6 11.4833
1.6 11.4833
1.6 11.465
1.6 11.6242
1.6 11.6242
1.6 11.6057
1.6 11.5873
1.6 11.5873
1.6 11.5873
1.6 11.5689
1.6 11.7274
1.6 11.7089
1.6 11.6904
1.6 11.6904
1.6 11.6904
1.6 11.6904
1.7 11.6904
1.7 11.6719
1.7 11.6719
1.7 11.6719
1.7 11.6535
1.7 11.6535
1.7 11.6352
1.7 11.617
1.7 11.617
1.7 11.617
1.7 11.617
1.7 11.617
1.7 11.5987
1.7 11.7555
1.7 11.7371
1.7 11.7188
1.7 11.7188
1.7 11.7188
1.7 11.7005
1.7 11.7005
1.7 11.7005
1.7 11.6822
1.7 11.838
1.7 11.838
1.7 11.8196
1.7 11.8012
1.7 11.8012
1.7 11.8012
1.7 11.8012
1.7 11.8012
1.7 11.7829
1.7 11.938
1.7 11.938
1.7 11.938
1.7 11.9195
1.7 11.9011
1.7 11.8827
1.7 11.8827
1.7 11.8827
1.7 11.8644
1.7 12.0185
1.7 12.0185
1.7 12.0185
1.7 12
1.7 11.9816
1.7 11.9816
1.7 11.9816
1.7 11.9632
1.7 11.9632
1.7 11.9632
1.7 11.9632
1.7 11.9449
1.7 11.9266
1.7 11.9084
1.7 11.9084
1.7 11.9084
1.7 11.9084
1.7 11.9084
1.7 11.8902
1.7 12.0427
1.7 12.0427
1.7 12.0244
1.7 12.0061
1.7 11.9879
1.7 11.9879
1.7 11.9879
1.7 11.9879
1.7 11.9879
1.7 11.9697
1.7 11.9516
1.7 11.9335
1.7 11.9335
1.7 11.9335
1.7 11.9335
1.7 11.9335
1.7 11.9155
1.7 12.0664
1.7 12.0664
1.7 12.0664
1.7 12.0482
1.7 12.1988
1.7 12.1805
1.7 12.1622
1.7 12.1622
1.7 12.1622
1.7 12.1622
1.7 12.1622
1.7 12.1439
1.7 12.2939
1.7 12.2754
1.7 12.2571
1.7 12.2571
1.7 12.2571
1.7 12.2388
1.7 12.2388
1.7 12.2388
1.7 12.2388
1.7 12.2206
1.7 12.2206
1.7 12.2024
1.7 12.3512
1.7 12.3328
1.7 12.3328
1.7 12.3328
1.7 12.3328
1.7 12.3145
1.7 12.3145
1.7 12.2963
1.7 12.4444
1.7 12.426
1.7 12.4077
1.7 12.4077
1.7 12.4077
1.7 12.4077
1.7 12.4077
1.7 12.3894
1.7 12.3894
1.7 12.3894
1.7 12.3711
1.7 12.3529
1.7 12.3529
1.7 12.3529
1.7 12.3348
1.7 12.4816
1.7 12.4816
1.7 12.4816
1.7 12.4633
1.7 12.61
1.7 12.5915
1.7 12.7379
1.7 12.7193
1.7 12.7193
1.7 12.7193
1.7 12.7193
1.7 12.7193
1.7 12.7007
1.7 12.8467
1.7 12.8467
1.7 12.828
1.7 12.828
1.7 12.8093
1.7 12.7907
1.7 12.7907
1.7 12.7907
1.7 12.7907
1.7 12.7907
1.7 12.7721
1.7 12.7536
1.7 12.8986
1.7 12.8799
1.7 12.8799
1.7 12.8799
1.7 12.8799
1.7 12.8613
1.7 12.8613
1.7 12.8427
1.7 12.987
1.7 12.987
1.7 12.9683
1.7 12.9496
1.7 12.9496
1.7 12.9496
1.7 12.9496
1.7 12.9496
1.7 12.9496
1.7 12.931
1.7 12.9125
1.7 12.894
1.7 12.894
1.7 12.894
1.7 12.8755
1.7 13.0186
1.7 13.0186
1.7 13.0186
1.7 13
1.7 13.1429
1.7 13.1241
1.7 13.2668
1.7 13.2479
1.7 13.2479
1.7 13.2479
1.7 13.2479
1.7 13.2479
1.7 13.229
1.7 13.229
1.7 13.229
1.7 13.2102
1.7 13.1915
1.7 13.1728
1.7 13.1728
1.7 13.1728
1.8 13.1728
1.8 13.1728
1.8 13.1542
1.8 13.2956
1.8 13.2956
1.8 13.2768
1.8 13.2581
1.8 13.2581
1.8 13.2581
1.8 13.2394
1.8 13.2394
1.8 13.2394
1.8 13.2208
1.8 13.3615
1.8 13.3427
1.8 13.4831
1.8 13.4642
1.8 13.4642
1.8 13.4642
1.8 13.4642
1.8 13.4642
1.8 13.4642
1.8 13.4454
1.8 13.4454
1.8 13.4266
1.8 13.5664
1.8 13.5664
1.8 13.5475
1.8 13.5286
1.8 13.5286
1.8 13.5286
1.8 13.5097
1.8 13.649
1.8 13.63
1.8 13.7691
1.8 13.75
1.8 13.75
1.8 13.75
1.8 13.75
1.8 13.75
1.8 13.7309
1.8 13.7309
1.8 13.7309
1.8 13.7119
1.8 13.7119
1.8 13.6929
1.8 13.674
1.8 13.674
1.8 13.674
1.8 13.674
1.8 13.674
1.8 13.6552
1.8 13.7931
1.8 13.7741
1.8 13.7552
1.8 13.7552
1.8 13.7552
1.8 13.7363
1.8 13.7363
1.8 13.7363
1.8 13.7174
1.8 13.8546
1.8 13.8546
1.8 13.8356
1.8 13.9726
1.8 13.9535
1.8 13.9535
1.8 13.9535
1.8 13.9535
1.8 13.9535
1.8 13.9344
1.8 14.071
1.8 14.071
1.8 14.071
1.8 14.0518
1.8 14.0327
1.8 14.0136
1.8 14.0136
1.8 14.0136
1.8 13.9946
1.8 14.1304
1.8 14.1304
1.8 14.1304
1.8 14.1113
1.8 14.0921
1.8 14.0921
1.8 14.0921
1.8 14.0731
1.8 14.0731
1.8 14.0731
1.8 14.0731
1.8 14.0541
1.8 14.0351
1.8 14.17
1.8 14.1509
1.8 14.1509
1.8 14.1509
1.8 14.1509
1.8 14.1509
1.8 14.1319
1.8 14.2665
1.8 14.2665
1.8 14.2473
1.8 14.2282
1.8 14.2091
1.8 14.2091
1.8 14.2091
1.8 14.2091
1.8 14.2091
1.8 14.1901
1.8 14.1711
1.8 14.3048
1.8 14.2857
1.8 14.2857
1.8 14.2857
1.8 14.2857
1.8 14.2857
1.8 14.2667
1.8 14.4
1.8 14.4
1.8 14.4
1.8 14.3808
1.8 14.514
1.8 14.4947
1.8 14.4754
1.8 14.4754
1.8 14.4754
1.8 14.4754
1.8 14.4754
1.8 14.4562
1.8 14.5889
1.8 14.5695
1.8 14.5503
1.8 14.5503
1.8 14.5503
1.8 14.531
1.8 14.531
1.8 14.531
1.8 14.531
1.8 14.5119
1.8 14.5119
1.8 14.4928
1.8 14.6245
1.8 14.6053
1.8 14.6053
1.8 14.6053
1.8 14.6053
1.8 14.5861
1.8 14.5861
1.8 14.5669
1.8 14.6982
1.8 14.6789
1.8 14.6597
1.8 14.6597
1.8 14.6597
1.8 14.6597
1.8 14.6597
1.8 14.6405
1.8 14.6405
1.8 14.6405
1.8 14.6214
1.8 14.6023
1.8 14.6023
1.8 14.6023
1.8 14.5833
1.8 14.7135
1.8 14.7135
1.8 14.7135
1.8 14.6944
1.8 14.8244
1.8 14.8052
1.8 14.9351
1.8 14.9157
1.8 14.9157
1.8 14.9157
1.8 14.9157
1.8 14.9157
1.8 14.8964
1.8 15.0259
1.8 15.0259
1.8 15.0065
1.8 15.0065
1.8 14.9871
1.8 14.9677
1.8 14.9677
1.8 14.9677
1.8 14.9677
1.8 14.9677
1.8 14.9485
1.8 14.9292
1.8 15.0579
1.8 15.0386
1.8 15.0386
1.8 15.0386
1.9 15.0386
1.9 15.0193
1.9 15.0193
1.9 15
1.9 15.1282
1.9 15.1282
1.9 15.1088
1.9 15.0895
1.9 15.0895
1.9 15.0895
1.9 15.0895
1.9 15.0895
1.9 15.0895
1.9 15.0702
1.9 15.051
1.9 15.0318
1.9 15.0318
1.9 15.0318
1.9 15.0127
1.9 15.1399
1.9 15.1399
1.9 15.1399
1.9 15.1207
1.9 15.2478
1.9 15.2284
1.9 15.3553
1.9 15.3359
1.9 15.3359
1.9 15.3359
1.9 15.3359
1.9 15.3359
1.9 15.3165
1.9 15.3165
1.9 15.3165
1.9 15.2971
1.9 15.2778
1.9 15.2585
1.9 15.2585
1.9 15.2585
1.9 15.2585
1.9 15.2585
1.9 15.2393
1.9 15.3652
1.9 15.3652
1.9 15.3459
1.9 15.3266
1.9 15.3266
1.9 15.3266
1.9 15.3074
1.9 15.3074
1.9 15.3074
1.9 15.2882
1.9 15.4135
1.9 15.3942
1.9 15.5194
1.9 15.5
1.9 15.5
1.9 15.5
1.9 15.5
1.9 15.5
1.9 15.5
1.9 15.4806
1.9 15.4806
1.9 15.4613
1.9 15.586
1.9 15.586
1.9 15.5666
1.9 15.5473
1.9 15.5473
1.9 15.5473
1.9 15.528
1.9 15.6522
1.9 15.6328
1.9 15.7568
1.9 15.7373
1.9 15.7373
1.9 15.7373
1.9 15.7373
1.9 15.7373
1.9 15.7178
1.9 15.7178
1.9 15.7178
1.9 15.6984
1.9 15.6984
1.9 15.679
1.9 15.6597
1.9 15.6597
1.9 15.6597
1.9 15.6597
1.9 15.6597
1.9 15.6404
1.9 15.7635
1.9 15.7442
1.9 15.7248
1.9 15.7248
1.9 15.7248
1.9 15.7055
1.9 15.7055
1.9 15.7055
1.9 15.6863
1.9 15.8088
1.9 15.8088
1.9 15.7895
1.9 15.9119
1.9 15.8924
1.9 15.8924
1.9 15.8924
1.9 15.8924
1.9 15.8924
1.9 15.873
1.9 15.9951
1.9 15.9951
1.9 15.9951
1.9 15.9756
1.9 15.9562
1.9 15.9367
1.9 15.9367
1.9 15.9367
1.9 15.9174
1.9 16.0389
1.9 16.0389
1.9 16.0389
1.9 16.0194
1.9 16
1.9 16
1.9 16
1.9 15.9806
1.9 15.9806
1.9 15.9806
1.9 15.9806
1.9 15.9613
1.9 15.942
1.9 16.0628
1.9 16.0434
1.9 16.0434
1.9 16.0434
1.9 16.0434
1.9 16.0434
1.9 16.0241
1.9 16.1446
1.9 16.1446
1.9 16.1252
1.9 16.1058
1.9 16.0864
1.9 16.0864
1.9 16.0864
1.9 16.0864
1.9 16.0864
1.9 16.0671
1.9 16.0479
1.9 16.1677
1.9 16.1483
1.9 16.1483
1.9 16.1483
1.9 16.1483
1.9 16.1483
1.9 16.129
1.9 16.2485
1.9 16.2485
1.9 16.2485
1.9 16.2291
1.9 16.3484
1.9 16.329
1.9 16.3095
1.9 16.3095
1.9 16.3095
1.9 16.3095
1.9 16.3095
1.9 16.2901
1.9 16.409
1.9 16.3895
1.9 16.3701
1.9 16.3701
1.9 16.3701
1.9 16.3507
1.9 16.3507
1.9 16.3507
1.9 16.3507
1.9 16.3314
1.9 16.3314
1.9 16.3121
1.9 16.4303
1.9 16.4109
1.9 16.4109
1.9 16.4109
1.9 16.4109
1.9 16.3915
1.9 16.3915
1.9 16.3722
1.9 16.49
1.9 16.4706
1.9 16.4512
1.9 16.4512
1.9 16.4512
2 16.4512
2 16.4512
2 16.4319
2 16.4319
2 16.4319
2 16.4127
2 16.3934
2 16.3934
2 16.3934
2 16.3743
2 16.4912
2 16.4912
2 16.4912
2 16.472
2 16.5888
2 16.5694
2 16.6861
2 16.6667
2 16.6667
2 16.6667
2 16.6667
2 16.6667
2 16.6473
2 16.7637
2 16.7637
2 16.7442
2 16.7442
2 16.7247
2 16.7053
2 16.7053
2 16.7053
2 16.7053
2 16.7053
2 16.686
2 16.6667
2 16.7824
2 16.763
2 16.763
2 16.763
2 16.763
2 16.7436
2 16.7436
2 16.7243
2 16.8397
2 16.8397
2 16.8203
2 16.8009
2 16.8009
2 16.8009
2 16.8009
2 16.8009
2 16.8009
2 16.7816
2 16.7623
2 16.7431
2 16.7431
2 16.7431
2 16.7239
2 16.8385
2 16.8385
2 16.8385
2 16.8192
2 16.9336
2 16.9143
2 17.0286
2 17.0091
2 17.0091
2 17.0091
2 17.0091
2 17.0091
2 16.9897
2 16.9897
2 16.9897
2 16.9704
2 16.9511
2 16.9318
2 16.9318
2 16.9318
2 16.9318
2 16.9318
2 16.9126
2 17.0261
2 17.0261
2 17.0068
2 16.9875
2 16.9875
2 16.9875
2 16.9683
2 16.9683
2 16.9683
2 16.9492
2 17.0621
2 17.0429
2 17.1558
2 17.1364
2 17.1364
2 17.1364
2 17.1364
2 17.1364
2 17.1364
2 17.1171
2 17.1171
2 17.0979
2 17.2103
2 17.2103
2 17.191
2 17.1717
2 17.1717
2 17.1717
2 17.1525
2 17.2646
2 17.2452
2 17.3572
2 17.3378
2 17.3378
2 17.3378
2 17.3378
2 17.3378
2 17.3184
2 17.3184
2 17.3184
2 17.2991
2 17.2991
2 17.2798
2 17.2606
2 17.2606
2 17.2606
2 17.2606
2 17.2606
2 17.2414
2 17.3526
2 17.3333
2 17.3141
2 17.3141
2 17.3141
2 17.2949
2 17.2949
2 17.2949
2 17.2757
2 17.3865
2 17.3865
2 17.3673
2 17.4779
2 17.4586
2 17.4586
2 17.4586
2 17.4586
2 17.4586
2 17.4393
2 17.5497
2 17.5497
2 17.5497
2 17.5303
2 17.511
2 17.4917
2 17.4917
2 17.4917
2 17.4725
2 17.5824
2 17.5824
2 17.5824
2 17.5631
2 17.5439
2 17.5439
2 17.5439
2 17.5246
2 17.5246
2 17.5246
2 17.5246
2 17.5055
2 17.4863
2 17.5956
2 17.5764
2 17.5764
2 17.5764
2 17.5764
2 17.5764
2 17.5573
2 17.6663
2 17.6663
2 17.6471
2 17.6279
2 17.6087
2 17.6087
2 17.6087
2 17.6087
2 17.6087
2 17.5896
2 17.5705
2 17.679
2 17.6598
2 17.6598
2 17.6598
2 17.6598
2.1 17.6598
2.1 17.6407
2.1 17.7489
2.1 17.7489
2.1 17.7489
2.1 17.7297
2.1 17.8378
2.1 17.8186
2.1 17.7994
2.1 17.7994
2.1 17.7994
2.1 17.7994
2.1 17.7994
2.1 17.7802
2.1 17.8879
2.1 17.8687
2.1 17.8495
2.1 17.8495
2.1 17.8495
2.1 17.8303
2.1 17.8303
2.1 17.8303
2.1 17.8303
2.1 17.8112
2.1 17.8112
2.1 17.7921
2.1 17.8992
2.1 17.8801
2.1 17.8801
2.1 17.8801
2.1 17.8801
2.1 17.861
2.1 17.861
2.1 17.8419
2.1 17.9487
2.1 17.9296
2.1 17.9104
2.1 17.9104
2.1 17.9104
2.1 17.9104
2.1 17.9104
2.1 17.8914
2.1 17.8914
2.1 17.8914
2.1 17.8723
2.1 17.8533
2.1 17.8533
2.1 17.8533
2.1 17.8344
2.1 17.9406
2.1 17.9406
2.1 17.9406
2.1 17.9215
2.1 18.0276
2.1 18.0085
2.1 18.1144
2.1 18.0952
2.1 18.0952
2.1 18.0952
2.1 18.0952
2.1 18.0952
2.1 18.0761
2.1 18.1818
2.1 18.1818
2.1 18.1626
2.1 18.1626
2.1 18.1435
2.1 18.1243
2.1 18.1243
2.1 18.1243
2.1 18.1243
2.1 18.1243
2.1 18.1053
2.1 18.0862
2.1 18.1914
2.1 18.1723
2.1 18.1723
2.1 18.1723
2.1 18.1723
2.1 18.1532
2.1 18.1532
2.1 18.1342
2.1 18.239
2.1 18.239
2.1 18.2199
2.1 18.2008
2.1 18.2008
2.1 18.2008
2.1 18.2008
2.1 18.2008
2.1 18.2008
2.1 18.1818
2.1 18.1628
2.1 18.1439
2.1 18.1439
2.1 18.1439
2.1 18.125
2.1 18.2292
2.1 18.2292
2.1 18.2292
2.1 18.2102
2.1 18.3143
2.1 18.2952
2.1 18.3992
2.1 18.3801
2.1 18.3801
2.1 18.3801
2.1 18.3801
2.1 18.3801
2.1 18.361
2.1 18.361
2.1 18.361
2.1 18.342
2.1 18.323
2.1 18.304
2.1 18.304
2.1 18.304
2.1 18.304
2.1 18.304
2.1 18.2851
2.1 18.3884
2.1 18.3884
2.1 18.3695
2.1 18.3505
2.1 18.3505
2.1 18.3505
2.1 18.3316
2.1 18.3316
2.1 18.3316
2.1 18.3128
2.1 18.4156
2.1 18.3967
2.1 18.4995
2.1 18.4805
2.1 18.4805
2.1 18.4805
2.1 18.4805
2.1 18.4805
2.1 18.4805
2.1 18.4615
2.1 18.4615
2.1 18.4426
2.1 18.5451
2.1 18.5451
2.1 18.5261
2.1 18.5072
2.1 18.5072
2.1 18.5072
2.1 18.4883
2.1 18.5904
2.1 18.5714
2.1 18.6735
2.1 18.6544
2.1 18.6544
2.1 18.6544
2.1 18.6544
2.1 18.6544
2.1 18.6354
2.1 18.6354
2.1 18.6354
2.1 18.6165
2.1 18.6165
2.1 18.5976
2.1 18.5787
2.1 18.5787
2.1 18.5787
2.1 18.5787
2.1 18.5787
2.1 18.5598
2.1 18.6613
2.1 18.6424
2.1 18.6235
2.1 18.6235
2.1 18.6235
2.1 18.6047
2.1 18.6047
2.1 18.6047
2.1 18.5859
2.1 18.6869
2.1 18.6869
2.1 18.668
2.1 18.7689
2.1 18.75
2.1 18.75
2.1 18.75
2.1 18.75
2.1 18.75
2.1 18.7311
2.1 18.8318
2.1 18.8318
2.1 18.8318
2.1 18.8129
2.1 18.794
2.1 18.7751
2.1 18.7751
2.2 18.7751
2.2 18.7563
2.2 18.8566
2.2 18.8566
2.2 18.8566
2.2 18.8377
2.2 18.8188
2.2 18.8188
2.2 18.8188
2.2 18.8
2.2 18.8
2.2 18.8
2.2 18.8
2.2 18.7812
2.2 18.7625
2.2 18.8623
2.2 18.8435
2.2 18.8435
2.2 18.8435
2.2 18.8435
2.2 18.8435
2.2 18.8247
2.2 18.9243
2.2 18.9243
2.2 18.9055
2.2 18.8867
2.2 18.8679
2.2 18.8679
2.2 18.8679
2.2 18.8679
2.2 18.8679
2.2 18.8492
2.2 18.8305
2.2 18.9296
2.2 18.9109
2.2 18.9109
2.2 18.9109
2.2 18.9109
2.2 18.9109
2.2 18.8922
2.2 18.9911
2.2 18.9911
2.2 18.9911
2.2 18.9723
2.2 19.0711
2.2 19.0523
2.2 19.0335
2.2 19.0335
2.2 19.0335
2.2 19.0335
2.2 19.0335
2.2 19.0148
2.2 19.1133
2.2 19.0945
2.2 19.0757
2.2 19.0757
2.2 19.0757
2.2 19.057
2.2 19.057
2.2 19.057
2.2 19.057
2.2 19.0383
2.2 19.0383
2.2 19.0196
2.2 19.1176
2.2 19.0989
2.2 19.0989
2.2 19.0989
2.2 19.0989
2.2 19.0802
2.2 19.0802
2.2 19.0616
2.2 19.1593
2.2 19.1406
2.2 19.122
2.2 19.122
2.2 19.122
2.2 19.122
2.2 19.122
2.2 19.1033
2.2 19.1033
2.2 19.1033
2.2 19.0847
2.2 19.0661
2.2 19.0661
2.2 19.0661
2.2 19.0476
2.2 19.1448
2.2 19.1448
2.2 19.1448
2.2 19.1262
2.2 19.2233
2.2 19.2047
2.2 19.3016
2.2 19.2829
2.2 19.2829
2.2 19.2829
2.2 19.2829
2.2 19.2829
2.2 19.2643
2.2 19.3611
2.2 19.3611
2.2 19.3424
2.2 19.3424
2.2 19.3237
2.2 19.305
2.2 19.305
2.2 19.305
2.2 19.305
2.2 19.305
2.2 19.2864
2.2 19.2678
2.2 19.3642
2.2 19.3455
2.2 19.3455
2.2 19.3455
2.2 19.3455
2.2 19.3269
2.2 19.3269
2.2 19.3084
2.2 19.4044
2.2 19.4044
2.2 19.3858
2.2 19.3672
2.2 19.3672
2.2 19.3672
2.2 19.3672
2.2 19.3672
2.2 19.3672
2.2 19.3487
2.2 19.3301
2.2 19.3117
2.2 19.3117
2.2 19.3117
2.2 19.2932
2.2 19.3887
2.2 19.3887
2.2 19.3887
2.2 19.3702
2.2 19.4656
2.2 19.4471
2.2 19.5424
2.2 19.5238
2.2 19.5238
2.2 19.5238
2.2 19.5238
2.2 19.5238
2.2 19.5052
2.2 19.5052
2.2 19.5052
2.2 19.4867
2.2 19.4682
2.2 19.4497
2.2 19.4497
2.2 19.4497
2.2 19.4497
2.2 19.4497
2.2 19.4313
2.2 19.5261
2.2 19.5261
2.2 19.5076
2.2 19.4891
2.2 19.4891
2.2 19.4891
2.2 19.4707
2.2 19.4707
2.2 19.4707
2.2 19.4523
2.2 19.5467
2.2 19.5283
2.2 19.6226
2.2 19.6041
2.2 19.6041
2.2 19.6041
2.2 19.6041
2.2 19.6041
2.2 19.6041
2.2 19.5857
2.2 19.5857
2.2 19.5673
2.2 19.6613
2.2 19.6613
2.2 19.6429
2.2 19.6244
2.2 19.6244
2.2 19.6244
2.2 19.606
2.2 19.6998
2.2 19.6813
2.2 19.7751
2.2 19.7566
2.2 19.7566
2.2 19.7566
2.2 19.7566
2.3 19.7566
2.3 19.7381
2.3 19.7381
2.3 19.7381
2.3 19.7196
2.3 19.7196
2.3 19.7012
2.3 19.6828
2.3 19.6828
2.3 19.6828
2.3 19.6828
2.3 19.6828
2.3 19.6645
2.3 19.7577
2.3 19.7393
2.3 19.7209
2.3 19.7209
2.3 19.7209
2.3 19.7026
2.3 19.7026
2.3 19.7026
2.3 19.6843
2.3 19.7772
2.3 19.7772
2.3 19.7588
2.3 19.8516
2.3 19.8332
2.3 19.8332
2.3 19.8332
2.3 19.8332
2.3 19.8332
2.3 19.8148
2.3 19.9074
2.3 19.9074
2.3 19.9074
2.3 19.889
2.3 19.8706
2.3 19.8523
2.3 19.8523
2.3 19.8523
2.3 19.8339
2.3 19.9262
2.3 19.9262
2.3 19.9262
2.3 19.9078
2.3 19.8895
2.3 19.8895
2.3 19.8895
2.3 19.8712
2.3 19.8712
2.3 19.8712
2.3 19.8712
2.3 19.8529
2.3 19.8347
2.3 19.9265
2.3 19.9083
2.3 19.9083
2.3 19.9083
2.3 19.9083
2.3 19.9083
2.3 19.89
2.3 19.9817
2.3 19.9817
2.3 19.9634
2.3 19.9451
2.3 19.9269
2.3 19.9269
2.3 19.9269
2.3 19.9269
2.3 19.9269
2.3 19.9087
2.3 19.8905
2.3 19.9818
2.3 19.9635
2.3 19.9635
2.3 19.9635
2.3 19.9635
2.3 19.9635
2.3 19.9454
2.3 20.0364
2.3 20.0364
2.3 20.0364
2.3 20.0182
2.3 20.1092
2.3 20.0909
2.3 20.0727
2.3 20.0727
2.3 20.0727
2.3 20.0727
2.3 20.0727
2.3 20.0544
2.3 20.1452
2.3 20.1269
2.3 20.1087
2.3 20.1087
2.3 20.1087
2.3 20.0905
2.3 20.0905
2.3 20.0905
2.3 20.0905
2.3 20.0723
2.3 20.0723
2.3 20.0542
2.3 20.1445
2.3 20.1264
2.3 20.1264
2.3 20.1264
2.3 20.1264
2.3 20.1082
2.3 20.1082
2.3 20.0901
2.3 20.1802
2.3 20.162
2.3 20.1439
2.3 20.1439
2.3 20.1439
2.3 20.1439
2.3 20.1439
2.3 20.1258
2.3 20.1258
2.3 20.1258
2.3 20.1077
2.3 20.0897
2.3 20.0897
2.3 20.0897
2.3 20.0717
2.3 20.1613
2.3 20.1613
2.3 20.1613
2.3 20.1432
2.3 20.2328
2.3 20.2147
2.3 20.3041
2.3 20.286
2.3 20.286
2.3 20.286
2.3 20.286
2.3 20.286
2.3 20.2679
2.3 20.3571
2.3 20.3571
2.3 20.339
2.3 20.339
2.3 20.3209
2.3 20.3028
2.3 20.3028
2.3 20.3028
2.3 20.3028
2.3 20.3028
2.3 20.2847
2.3 20.2667
2.3 20.3556
2.3 20.3375
2.3 20.3375
2.3 20.3375
2.3 20.3375
2.3 20.3194
2.3 20.3194
2.3 20.3014
2.3 20.3901
2.3 20.3901
2.3 20.372
2.3 20.354
2.3 20.354
2.3 20.354
2.3 20.354
2.3 20.354
2.3 20.354
2.3 20.336
2.3 20.318
2.3 20.3001
2.3 20.3001
2.3 20.3001
2.3 20.2822
2.3 20.3704
2.3 20.3704
2.3 20.3704
2.3 20.3524
2.3 20.4405
2.3 20.4225
2.3 20.5106
2.3 20.4925
2.3 20.4925
2.3 20.4925
2.3 20.4925
2.3 20.4925
2.3 20.4745
2.3 20.4745
2.3 20.4745
2.3 20.4565
2.3 20.4386
2.3 20.4207
2.3 20.4207
2.3 20.4207
2.4 20.4207
2.4 20.4207
2.4 20.4028
2.4 20.4904
2.4 20.4904
2.4 20.4724
2.4 20.4545
2.4 20.4545
2.4 20.4545
2.4 20.4367
2.4 20.4367
2.4 20.4367
2.4 20.4188
2.4 20.5061
2.4 20.4882
2.4 20.5754
2.4 20.5575
2.4 20.5575
2.4 20.5575
2.4 20.5575
2.4 20.5575
2.4 20.5575
2.4 20.5396
2.4 20.5396
2.4 20.5217
2.4 20.6087
2.4 20.6087
2.4 20.5908
2.4 20.5729
2.4 20.5729
2.4 20.5729
2.4 20.5551
2.4 20.6418
2.4 20.6239
2.4 20.7106
2.4 20.6926
2.4 20.6926
2.4 20.6926
2.4 20.6926
2.4 20.6926
2.4 20.6747
2.4 20.6747
2.4 20.6747
2.4 20.6569
2.4 20.6569
2.4 20.639
2.4 20.6212
2.4 20.6212
2.4 20.6212
2.4 20.6212
2.4 20.6212
2.4 20.6034
2.4 20.6897
2.4 20.6718
2.4 20.654
2.4 20.654
2.4 20.654
2.4 20.6363
2.4 20.6363
2.4 20.6363
2.4 20.6186
2.4 20.7045
2.4 20.7045
2.4 20.6867
2.4 20.7725
2.4 20.7547
2.4 20.7547
2.4 20.7547
2.4 20.7547
2.4 20.7547
2.4 20.7369
2.4 20.8226
2.4 20.8226
2.4 20.8226
2.4 20.8048
2.4 20.787
2.4 20.7692
2.4 20.7692
2.4 20.7692
2.4 20.7515
2.4 20.8369
2.4 20.8369
2.4 20.8369
2.4 20.8191
2.4 20.8014
2.4 20.8014
2.4 20.8014
2.4 20.7836
2.4 20.7836
2.4 20.7836
2.4 20.7836
2.4 20.766
2.4 20.7483
2.4 20.8333
2.4 20.8156
2.4 20.8156
2.4 20.8156
2.4 20.8156
2.4 20.8156
2.4 20.798
2.4 20.8829
2.4 20.8829
2.4 20.8651
2.4 20.8475
2.4 20.8298
2.4 20.8298
2.4 20.8298
2.4 20.8298
2.4 20.8298
2.4 20.8122
2.4 20.7946
2.4 20.8791
2.4 20.8615
2.4 20.8615
2.4 20.8615
2.4 20.8615
2.4 20.8615
2.4 20.8439
2.4 20.9283
2.4 20.9283
2.4 20.9283
2.4 20.9106
2.4 20.9949
2.4 20.9773
2.4 20.9596
2.4 20.9596
2.4 20.9596
2.4 20.9596
2.4 20.9596
2.4 20.942
2.4 21.0261
2.4 21.0084
2.4 20.9908
2.4 20.9908
2.4 20.9908
2.4 20.9732
2.4 20.9732
2.4 20.9732
2.4 20.9732
2.4 20.9556
2.4 20.9556
2.4 20.938
2.4 21.0218
2.4 21.0042
2.4 21.0042
2.4 21.0042
2.4 21.0042
2.4 20.9866
2.4 20.9866
2.4 20.9691
2.4 21.0526
2.4 21.0351
2.4 21.0175
2.4 21.0175
2.4 21.0175
2.4 21.0175
2.4 21.0175
2.4 21
2.4 21
2.4 21
2.4 20.9825
2.4 20.9651
2.4 20.9651
2.4 20.9651
2.4 20.9476
2.4 21.0308
2.4 21.0308
2.4 21.0308
2.4 21.0133
2.4 21.0963
2.4 21.0788
2.4 21.1618
2.4 21.1443
2.4 21.1443
2.4 21.1443
2.4 21.1443
2.4 21.1443
2.4 21.1268
2.4 21.2096
2.4 21.2096
2.4 21.1921
2.4 21.1921
2.4 21.1745
2.4 21.157
2.4 21.157
2.4 21.157
2.4 21.157
2.4 21.157
2.4 21.1396
2.4 21.1221
2.4 21.2046
2.4 21.1871
2.4 21.1871
2.4 21.1871
2.5 21.1871
2.5 21.1697
2.5 21.1697
2.5 21.1523
2.5 21.2346
2.5 21.2346
2.5 21.2171
2.5 21.1997
2.5 21.1997
2.5 21.1997
2.5 21.1997
2.5 21.1997
2.5 21.1997
2.5 21.1823
2.5 21.1649
2.5 21.1475
2.5 21.1475
2.5 21.1475
2.5 21.1302
2.5 21.2121
2.5 21.2121
2.5 21.2121
2.5 21.1948
2.5 21.2766
2.5 21.2592
2.5 21.341
2.5 21.3235
2.5 21.3235
2.5 21.3235
2.5 21.3235
2.5 21.3235
2.5 21.3061
2.5 21.3061
2.5 21.3061
2.5 21.2887
2.5 21.2714
2.5 21.2541
2.5 21.2541
2.5 21.2541
2.5 21.2541
2.5 21.2541
2.5 21.2368
2.5 21.3181
2.5 21.3181
2.5 21.3008
2.5 21.2835
2.5 21.2835
2.5 21.2835
2.5 21.2662
2.5 21.2662
2.5 21.2662
2.5 21.249
2.5 21.3301
2.5 21.3128
2.5 21.3938
2.5 21.3765
2.5 21.3765
2.5 21.3765
2.5 21.3765
2.5 21.3765
2.5 21.3765
2.5 21.3592
2.5 21.3592
2.5 21.342
2.5 21.4228
2.5 21.4228
2.5 21.4055
2.5 21.3882
2.5 21.3882
2.5 21.3882
2.5 21.371
2.5 21.4516
2.5 21.4343
2.5 21.5149
2.5 21.4976
2.5 21.4976
2.5 21.4976
2.5 21.4976
2.5 21.4976
2.5 21.4803
2.5 21.4803
2.5 21.4803
2.5 21.463
2.5 21.463
2.5 21.4458
2.5 21.4286
2.5 21.4286
2.5 21.4286
2.5 21.4286
2.5 21.4286
2.5 21.4114
2.5 21.4916
2.5 21.4744
2.5 21.4572
2.5 21.4572
2.5 21.4572
2.5 21.44
2.5 21.44
2.5 21.44
2.5 21.4229
2.5 21.5028
2.5 21.5028
2.5 21.4856
2.5 21.5655
2.5 21.5483
2.5 21.5483
2.5 21.5483
2.5 21.5483
2.5 21.5483
2.5 21.5311
2.5 21.6108
2.5 21.6108
2.5 21.6108
2.5 21.5936
2.5 21.5764
2.5 21.5593
2.5 21.5593
2.5 21.5593
2.5 21.5421
2.5 21.6216
2.5 21.6216
2.5 21.6216
2.5 21.6044
2.5 21.5873
2.5 21.5873
2.5 21.5873
2.5 21.5702
2.5 21.5702
2.5 21.5702
2.5 21.5702
2.5 21.5531
2.5 21.536
2.5 21.6152
2.5 21.5981
2.5 21.5981
2.5 21.5981
2.5 21.5981
2.5 21.5981
2.5 21.581
2.5 21.6601
2.5 21.6601
2.5 21.643
2.5 21.6259
2.5 21.6088
2.5 21.6088
2.5 21.6088
2.5 21.6088
2.5 21.6088
2.5 21.5918
2.5 21.5748
2.5 21.6535
2.5 21.6365
2.5 21.6365
2.5 21.6365
2.5 21.6365
2.5 21.6365
2.5 21.6195
2.5 21.6981
2.5 21.6981
2.5 21.6981
2.5 21.6811
2.5 21.7596
2.5 21.7425
2.5 21.7255
2.5 21.7255
2.5 21.7255
2.5 21.7255
2.5 21.7255
2.5 21.7085
2.5 21.7868
2.5 21.7698
2.5 21.7527
2.5 21.7527
2.5 21.7527
2.5 21.7357
2.5 21.7357
2.5 21.7357
2.5 21.7357
2.5 21.7188
2.5 21.7188
2.5 21.7018
2.5 21.7799
2.5 21.7629
2.5 21.7629
2.5 21.7629
2.5 21.7629
2.5 21.7459
2.5 21.7459
2.5 21.729
2.5 21.8069
2.5 21.7899
2.5 21.7729
2.5 21.7729
2.5 21.7729
2.6 21.7729
2.6 21.7729
2.6 21.756
2.6 21.756
2.6 21.756
2.6 21.7391
2.6 21.7223
2.6 21.7223
2.6 21.7223
2.6 21.7054
2.6 21.7829
2.6 21.7829
2.6 21.7829
2.6 21.7661
2.6 21.8435
2.6 21.8266
2.6 21.904
2.6 21.8871
2.6 21.8871
2.6 21.8871
2.6 21.8871
2.6 21.8871
2.6 21.8702
2.6 21.9474
2.6 21.9474
2.6 21.9305
2.6 21.9305
2.6 21.9136
2.6 21.8967
2.6 21.8967
2.6 21.8967
2.6 21.8967
2.6 21.8967
2.6 21.8798
2.6 21.863
2.6 21.94
2.6 21.9231
2.6 21.9231
2.6 21.9231
2.6 21.9231
2.6 21.9062
2.6 21.9062
2.6 21.8894
2.6 21.9662
2.6 21.9662
2.6 21.9493
2.6 21.9325
2.6 21.9325
2.6 21.9325
2.6 21.9325
2.6 21.9325
2.6 21.9325
2.6 21.9157
2.6 21.8989
2.6 21.8822
2.6 21.8822
2.6 21.8822
2.6 21.8654
2.6 21.9419
2.6 21.9419
2.6 21.9419
2.6 21.9251
2.6 22.0015
2.6 21.9847
2.6 22.0611
2.6 22.0442
2.6 22.0442
2.6 22.0442
2.6 22.0442
2.6 22.0442
2.6 22.0274
2.6 22.0274
2.6 22.0274
2.6 22.0107
2.6 21.9939
2.6 21.9772
2.6 21.9772
2.6 21.9772
2.6 21.9772
2.6 21.9772
2.6 21.9605
2.6 22.0365
2.6 22.0365
2.6 22.0197
2.6 22.003
2.6 22.003
2.6 22.003
2.6 21.9864
2.6 21.9864
2.6 21.9864
2.6 21.9697
2.6 22.0455
2.6 22.0288
2.6 22.1045
2.6 22.0877
2.6 22.0877
2.6 22.0877
2.6 22.0877
2.6 22.0877
2.6 22.0877
2.6 22.0711
2.6 22.0711
2.6 22.0544
2.6 22.1299
2.6 22.1299
2.6 22.1132
2.6 22.0965
2.6 22.0965
2.6 22.0965
2.6 22.0799
2.6 22.1552
2.6 22.1386
2.6 22.2139
2.6 22.1971
2.6 22.1971
2.6 22.1971
2.6 22.1971
2.6 22.1971
2.6 22.1805
2.6 22.1805
2.6 22.1805
2.6 22.1638
2.6 22.1638
2.6 22.1471
2.6 22.1305
2.6 22.1305
2.6 22.1305
2.6 22.1305
2.6 22.1305
2.6 22.1139
2.6 22.1889
2.6 22.1723
2.6 22.1557
2.6 22.1557
2.6 22.1557
2.6 22.1391
2.6 22.1391
2.6 22.1391
2.6 22.1226
2.6 22.1973
2.6 22.1973
2.6 22.1807
2.6 22.2554
2.6 22.2388
2.6 22.2388
2.6 22.2388
2.6 22.2388
2.6 22.2388
2.6 22.2222
2.6 22.2968
2.6 22.2968
2.6 22.2968
2.6 22.2802
2.6 22.2636
2.6 22.247
2.6 22.247
2.6 22.247
2.6 22.2305
2.6 22.3048
2.6 22.3048
2.6 22.3048
2.6 22.2883
2.6 22.2717
2.6 22.2717
2.6 22.2717
2.6 22.2552
2.6 22.2552
2.6 22.2552
2.6 22.2552
2.6 22.2387
2.6 22.2222
2.6 22.2963
2.6 22.2798
2.6 22.2798
2.6 22.2798
2.6 22.2798
2.6 22.2798
2.6 22.2633
2.6 22.3373
2.6 22.3373
2.6 22.3208
2.6 22.3043
2.6 22.2878
2.6 22.2878
2.6 22.2878
2.6 22.2878
2.6 22.2878
2.6 22.2714
2.6 22.255
2.6 22.3287
2.6 22.3122
2.6 22.3122
2.6 22.3122
2.6 22.3122
2.7 22.3122
2.7 22.2958
2.7 22.3694
2.7 22.3694
2.7 22.3694
2.7 22.3529
2.7 22.4265
2.7 22.41
2.7 22.3935
2.7 22.3935
2.7 22.3935
2.7 22.3935
2.7 22.3935
2.7 22.3771
2.7 22.4505
2.7 22.434
2.7 22.4176
2.7 22.4176
2.7 22.4176
2.7 22.4012
2.7 22.4012
2.7 22.4012
2.7 22.4012
2.7 22.3848
2.7 22.3848
2.7 22.3684
2.7 22.4415
2.7 22.4251
2.7 22.4251
2.7 22.4251
2.7 22.4251
2.7 22.4088
2.7 22.4088
2.7 22.3924
2.7 22.4654
2.7 22.449
2.7 22.4326
2.7 22.4326
2.7 22.4326
2.7 22.4326
2.7 22.4326
2.7 22.4163
2.7 22.4163
2.7 22.4163
2.7 22.4
2.7 22.3837
2.7 22.3837
2.7 22.3837
2.7 22.3675
2.7 22.4401
2.7 22.4401
2.7 22.4401
2.7 22.4238
2.7 22.4964
2.7 22.4801
2.7 22.5526
2.7 22.5362
2.7 22.5362
2.7 22.5362
2.7 22.5362
2.7 22.5362
2.7 22.5199
2.7 22.5923
2.7 22.5923
2.7 22.576
2.7 22.576
2.7 22.5597
2.7 22.5434
2.7 22.5434
2.7 22.5434
2.7 22.5434
2.7 22.5434
2.7 22.5271
2.7 22.5108
2.7 22.583
2.7 22.5667
2.7 22.5667
2.7 22.5667
2.7 22.5667
2.7 22.5504
2.7 22.5504
2.7 22.5342
2.7 22.6062
2.7 22.6062
2.7 22.5899
2.7 22.5737
2.7 22.5737
2.7 22.5737
2.7 22.5737
2.7 22.5737
2.7 22.5737
2.7 22.5575
2.7 22.5413
2.7 22.5251
2.7 22.5251
2.7 22.5251
2.7 22.509
2.7 22.5806
2.7 22.5806
2.7 22.5806
2.7 22.5645
2.7 22.6361
2.7 22.6199
2.7 22.6915
2.7 22.6753
2.7 22.6753
2.7 22.6753
2.7 22.6753
2.7 22.6753
2.7 22.659
2.7 22.659
2.7 22.659
2.7 22.6429
2.7 22.6267
2.7 22.6106
2.7 22.6106
2.7 22.6106
2.7 22.6106
2.7 22.6106
2.7 22.5944
2.7 22.6657
2.7 22.6657
2.7 22.6496
2.7 22.6335
2.7 22.6335
2.7 22.6335
2.7 22.6174
2.7 22.6174
2.7 22.6174
2.7 22.6013
2.7 22.6724
2.7 22.6562
2.7 22.7273
2.7 22.7111
2.7 22.7111
2.7 22.7111
2.7 22.7111
2.7 22.7111
2.7 22.7111
2.7 22.695
2.7 22.695
2.7 22.679
2.7 22.7498
2.7 22.7498
2.7 22.7337
2.7 22.7176
2.7 22.7176
2.7 22.7176
2.7 22.7016
2.7 22.7723
2.7 22.7562
2.7 22.8269
2.7 22.8107
2.7 22.8107
2.7 22.8107
2.7 22.8107
2.7 22.8107
2.7 22.7946
2.7 22.7946
2.7 22.7946
2.7 22.7786
2.7 22.7786
2.7 22.7625
2.7 22.7465
2.7 22.7465
2.7 22.7465
2.7 22.7465
2.7 22.7465
2.7 22.7305
2.7 22.8008
2.7 22.7848
2.7 22.7688
2.7 22.7688
2.7 22.7688
2.7 22.7528
2.7 22.7528
2.7 22.7528
2.7 22.7368
2.7 22.807
2.7 22.807
2.7 22.791
2.7 22.8612
2.7 22.8451
2.7 22.8451
2.7 22.8451
2.7 22.8451
2.7 22.8451
2.7 22.8291
2.7 22.8992
2.7 22.8992
2.7 22.8992
2.7 22.8831
2.7 22.8671
2.7 22.8512
2.7 22.8512
2.8 22.8512
2.8 22.8352
2.8 22.905
2.8 22.905
2.8 22.905
2.8 22.889
2.8 22.8731
2.8 22.8731
2.8 22.8731
2.8 22.8571
2.8 22.8571
2.8 22.8571
2.8 22.8571
2.8 22.8412
2.8 22.8253
2.8 22.8949
2.8 22.879
2.8 22.879
2.8 22.879
2.8 22.879
2.8 22.879
2.8 22.8631
2.8 22.9326
2.8 22.9326
2.8 22.9167
2.8 22.9008
2.8 22.8849
2.8 22.8849
2.8 22.8849
2.8 22.8849
2.8 22.8849
2.8 22.869
2.8 22.8532
2.8 22.9224
2.8 22.9066
2.8 22.9066
2.8 22.9066
2.8 22.9066
2.8 22.9066
2.8 22.8907
2.8 22.9599
2.8 22.9599
2.8 22.9599
2.8 22.944
2.8 23.0131
2.8 22.9972
2.8 22.9814
2.8 22.9814
2.8 22.9814
2.8 22.9814
2.8 22.9814
2.8 22.9655
2.8 23.0345
2.8 23.0186
2.8 23.0028
2.8 23.0028
2.8 23.0028
2.8 22.9869
2.8 22.9869
2.8 22.9869
2.8 22.9869
2.8 22.9711
2.8 22.9711
2.8 22.9553
2.8 23.0241
2.8 23.0082
2.8 23.0082
2.8 23.0082
2.8 23.0082
2.8 22.9925
2.8 22.9925
2.8 22.9767
2.8 23.0453
2.8 23.0295
2.8 23.0137
2.8 23.0137
2.8 23.0137
2.8 23.0137
2.8 23.0137
2.8 22.9979
2.8 22.9979
2.8 22.9979
2.8 22.9822
2.8 22.9665
2.8 22.9665
2.8 22.9665
2.8 22.9508
2.8 23.0191
2.8 23.0191
2.8 23.0191
2.8 23.0034
2.8 23.0717
2.8 23.0559
2.8 23.1241
2.8 23.1084
2.8 23.1084
2.8 23.1084
2.8 23.1084
2.8 23.1084
2.8 23.0926
2.8 23.1608
2.8 23.1608
2.8 23.145
2.8 23.145
2.8 23.1293
2.8 23.1135
2.8 23.1135
2.8 23.1135
2.8 23.1135
2.8 23.1135
2.8 23.0978
2.8 23.0821
2.8 23.15
2.8 23.1343
2.8 23.1343
2.8 23.1343
2.8 23.1343
2.8 23.1186
2.8 23.1186
2.8 23.103
2.8 23.1707
2.8 23.1707
2.8 23.155
2.8 23.1394
2.8 23.1394
2.8 23.1394
2.8 23.1394
2.8 23.1394
2.8 23.1394
2.8 23.1237
2.8 23.1081
2.8 23.0925
2.8 23.0925
2.8 23.0925
2.8 23.0769
2.8 23.1444
2.8 23.1444
2.8 23.1444
2.8 23.1288
2.8 23.1962
2.8 23.1806
2.8 23.248
2.8 23.2323
2.8 23.2323
2.8 23.2323
2.8 23.2323
2.8 23.2323
2.8 23.2167
2.8 23.2167
2.8 23.2167
2.8 23.2011
2.8 23.1855
2.8 23.1699
2.8 23.1699
2.8 23.1699
2.8 23.1699
2.8 23.1699
2.8 23.1544
2.8 23.2215
2.8 23.2215
2.8 23.2059
2.8 23.1903
2.8 23.1903
2.8 23.1903
2.8 23.1748
2.8 23.1748
2.8 23.1748
2.8 23.1593
2.8 23.2262
2.8 23.2107
2.8 23.2776
2.8 23.262
2.8 23.262
2.8 23.262
2.8 23.262
2.8 23.262
2.8 23.262
2.8 23.2465
2.8 23.2465
2.8 23.231
2.8 23.2977
2.8 23.2977
2.8 23.2822
2.8 23.2667
2.8 23.2667
2.8 23.2667
2.8 23.2512
2.8 23.3178
2.8 23.3023
2.8 23.3688
2.8 23.3533
2.8 23.3533
2.8 23.3533
2.8 23.3533
2.9 23.3533
2.9 23.3378
2.9 23.3378
2.9 23.3378
2.9 23.3223
2.9 23.3223
2.9 23.3068
2.9 23.2913
2.9 23.2913
2.9 23.2913
2.9 23.2913
2.9 23.2913
2.9 23.2759
2.9 23.3422
2.9 23.3267
2.9 23.3113
2.9 23.3113
2.9 23.3113
2.9 23.2958
2.9 23.2958
2.9 23.2958
2.9 23.2804
2.9 23.3466
2.9 23.3466
2.9 23.3311
2.9 23.3972
2.9 23.3818
2.9 23.3818
2.9 23.3818
2.9 23.3818
2.9 23.3818
2.9 23.3663
2.9 23.4323
2.9 23.4323
2.9 23.4323
2.9 23.4169
2.9 23.4015
2.9 23.386
2.9 23.386
2.9 23.386
2.9 23.3706
2.9 23.4365
2.9 23.4365
2.9 23.4365
2.9 23.4211
2.9 23.4057
2.9 23.4057
2.9 23.4057
2.9 23.3903
2.9 23.3903
2.9 23.3903
2.9 23.3903
2.9 23.3749
2.9 23.3596
2.9 23.4252
2.9 23.4098
2.9 23.4098
2.9 23.4098
2.9 23.4098
2.9 23.4098
2.9 23.3945
2.9 23.46
2.9 23.46
2.9 23.4447
2.9 23.4293
2.9 23.414
2.9 23.414
2.9 23.414
2.9 23.414
2.9 23.414
2.9 23.3987
2.9 23.3834
2.9 23.4487
2.9 23.4334
2.9 23.4334
2.9 23.4334
2.9 23.4334
2.9 23.4334
2.9 23.4181
2.9 23.4834
2.9 23.4834
2.9 23.4834
2.9 23.4681
2.9 23.5332
2.9 23.5179
2.9 23.5026
2.9 23.5026
2.9 23.5026
2.9 23.5026
2.9 23.5026
2.9 23.4873
2.9 23.5524
2.9 23.5371
2.9 23.5218
2.9 23.5218
2.9 23.5218
2.9 23.5065
2.9 23.5065
2.9 23.5065
2.9 23.5065
2.9 23.4912
2.9 23.4912
2.9 23.476
2.9 23.5409
2.9 23.5256
2.9 23.5256
2.9 23.5256
2.9 23.5256
2.9 23.5104
2.9 23.5104
2.9 23.4951
2.9 23.5599
2.9 23.5446
2.9 23.5294
2.9 23.5294
2.9 23.5294
2.9 23.5294
2.9 23.5294
2.9 23.5142
2.9 23.5142
2.9 23.5142
2.9 23.499
2.9 23.4839
2.9 23.4839
2.9 23.4839
2.9 23.4687
2.9 23.5332
2.9 23.5332
2.9 23.5332
2.9 23.518
2.9 23.5825
2.9 23.5673
2.9 23.6317
2.9 23.6165
2.9 23.6165
2.9 23.6165
2.9 23.6165
2.9 23.6165
2.9 23.6013
2.9 23.6656
2.9 23.6656
2.9 23.6504
2.9 23.6504
2.9 23.6352
2.9 23.62
2.9 23.62
2.9 23.62
2.9 23.62
2.9 23.62
2.9 23.6049
2.9 23.5897
2.9 23.6538
2.9 23.6387
2.9 23.6387
2.9 23.6387
2.9 23.6387
2.9 23.6236
2.9 23.6236
2.9 23.6084
2.9 23.6724
2.9 23.6724
2.9 23.6573
2.9 23.6422
2.9 23.6422
2.9 23.6422
2.9 23.6422
2.9 23.6422
2.9 23.6422
2.9 23.6271
2.9 23.612
2.9 23.5969
2.9 23.5969
2.9 23.5969
2.9 23.5819
2.9 23.6456
2.9 23.6456
2.9 23.6456
2.9 23.6306
2.9 23.6943
2.9 23.6792
2.9 23.7428
2.9 23.7277
2.9 23.7277
2.9 23.7277
2.9 23.7277
2.9 23.7277
2.9 23.7127
2.9 23.7127
2.9 23.7127
2.9 23.6976
2.9 23.6825
2.9 23.6675
2.9 23.6675
2.9 23.6675
3 23.6675
3 23.6675
3 23.6525
3 23.7159
3 23.7159
3 23.7009
3 23.6859
3 23.6859
3 23.6859
3 23.6709
3 23.6709
3 23.6709
3 23.6559
3 23.7192
3 23.7042
3 23.7674
3 23.7524
3 23.7524
3 23.7524
3 23.7524
3 23.7524
3 23.7524
3 23.7374
3 23.7374
3 23.7224
3 23.7855
3 23.7855
3 23.7705
3 23.7555
3 23.7555
3 23.7555
3 23.7406
3 23.8035
3 23.7885
3 23.8515
3 23.8365
3 23.8365
3 23.8365
3 23.8365
3 23.8365
3 23.8215
3 23.8215
3 23.8215
3 23.8065
3 23.8065
3 23.7916
3 23.7767
3 23.7767
3 23.7767
3 23.7767
3 23.7767
3 23.7618
3 23.8245
3 23.8095
3 23.7946
3 23.7946
3 23.7946
3 23.7797
3 23.7797
3 23.7797
3 23.7649
3 23.8274
3 23.8274
3 23.8125
3 23.875
3 23.8601
3 23.8601
3 23.8601
3 23.8601
3 23.8601
3 23.8452
3 23.9076
3 23.9076
3 23.9076
3 23.8927
3 23.8778
3 23.8629
3 23.8629
3 23.8629
3 23.8481
3 23.9103
3 23.9103
3 23.9103
3 23.8955
3 23.8806
3 23.8806
3 23.8806
3 23.8658
3 23.8658
3 23.8658
3 23.8658
3 23.8509
3 23.8361
3 23.8982
3 23.8834
3 23.8834
3 23.8834
3 23.8834
3 23.8834
3 23.8686
3 23.9306
3 23.9306
3 23.9157
3 23.9009
3 23.8861
3 23.8861
3 23.8861
3 23.8861
3 23.8861
3 23.8714
3 23.8566
3 23.9184
3 23.9036
3 23.9036
3 23.9036
3 23.9036
3 23.9036
3 23.8889
3 23.9506
3 23.9506
3 23.9506
3 23.9358
3 23.9975
3 23.9827
3 23.968
3 23.968
3 23.968
3 23.968
3 23.968
3 23.9532
3 24.0148
3 24
3 23.9852
3 23.9852
3 23.9852
3 23.9705
3 23.9705
3 23.9705
3 23.9705
3 23.9558
3 23.9558
3 23.9411
3 24.0025
3 23.9877
3 23.9877
3 23.9877
3 23.9877
3 23.973
3 23.973
3 23.9583
3 24.0196
3 24.0049
3 23.9902
3 23.9902
3 23.9902
3 23.9902
3 23.9902
3 23.9755
3 23.9755
3 23.9755
3 23.9609
3 23.9462
3 23.9462
3 23.9462
3 23.9316
3 23.9927
3 23.9927
3 23.9927
3 23.978
3 24.039
3 24.0244
3 24.0854
3 24.0707
3 24.0707
3 24.0707
3 24.0707
3 24.0707
3 24.056
3 24.1169
3 24.1169
3 24.1023
3 24.1023
3 24.0876
3 24.0729
3 24.0729
3 24.0729
3 24.0729
3 24.0729
3 24.0583
3 24.0437
3 24.1044
3 24.0898
3 24.0898
3 24.0898
3.1 24.0898
3.1 24.0752
3.1 24.0752
3.1 24.0606
3.1 24.1212
3.1 24.1212
3.1 24.1066
3.1 24.092
3.1 24.092
3.1 24.092
3.1 24.092
3.1 24.092
3.1 24.092
3.1 24.0774
3.1 24.0629
3.1 24.0483
3.1 24.0483
3.1 24.0483
3.1 24.0338
3.1 24.0942
3.1 24.0942
3.1 24.0942
3.1 24.0797
3.1 24.14
3.1 24.1255
3.1 24.1858
3.1 24.1712
3.1 24.1712
3.1 24.1712
3.1 24.1712
3.1 24.1712
3.1 24.1566
3.1 24.1566
3.1 24.1566
3.1 24.1421
3.1 24.1276
3.1 24.113
3.1 24.113
3.1 24.113
3.1 24.113
3.1 24.113
3.1 24.0986
3.1 24.1587
3.1 24.1587
3.1 24.1441
3.1 24.1297
3.1 24.1297
3.1 24.1297
3.1 24.1152
3.1 24.1152
3.1 24.1152
3.1 24.1007
3.1 24.1607
3.1 24.1462
3.1 24.2061
3.1 24.1916
3.1 24.1916
3.1 24.1916
3.1 24.1916
3.1 24.1916
3.1 24.1916
3.1 24.1771
3.1 24.1771
3.1 24.1627
3.1 24.2225
3.1 24.2225
3.1 24.208
3.1 24.1935
3.1 24.1935
3.1 24.1935
3.1 24.1791
3.1 24.2388
3.1 24.2243
3.1 24.284
3.1 24.2695
3.1 24.2695
3.1 24.2695
3.1 24.2695
3.1 24.2695
3.1 24.2551
3.1 24.2551
3.1 24.2551
3.1 24.2406
3.1 24.2406
3.1 24.2262
3.1 24.2118
3.1 24.2118
3.1 24.2118
3.1 24.2118
3.1 24.2118
3.1 24.1974
3.1 24.2568
3.1 24.2424
3.1 24.228
3.1 24.228
3.1 24.228
3.1 24.2136
3.1 24.2136
3.1 24.2136
3.1 24.1993
3.1 24.2586
3.1 24.2586
3.1 24.2442
3.1 24.3035
3.1 24.2891
3.1 24.2891
3.1 24.2891
3.1 24.2891
3.1 24.2891
3.1 24.2747
3.1 24.3339
3.1 24.3339
3.1 24.3339
3.1 24.3195
3.1 24.3051
3.1 24.2908
3.1 24.2908
3.1 24.2908
3.1 24.2764
3.1 24.3355
3.1 24.3355
3.1 24.3355
3.1 24.3211
3.1 24.3068
3.1 24.3068
3.1 24.3068
3.1 24.2925
3.1 24.2925
3.1 24.2925
3.1 24.2925
3.1 24.2781
3.1 24.2638
3.1 24.3227
3.1 24.3084
3.1 24.3084
3.1 24.3084
3.1 24.3084
3.1 24.3084
3.1 24.2941
3.1 24.3529
3.1 24.3529
3.1 24.3386
3.1 24.3243
3.1 24.31
3.1 24.31
3.1 24.31
3.1 24.31
3.1 24.31
3.1 24.2958
3.1 24.2815
3.1 24.3402
3.1 24.3259
3.1 24.3259
3.1 24.3259
3.1 24.3259
3.1 24.3259
3.1 24.3117
3.1 24.3702
3.1 24.3702
3.1 24.3702
3.1 24.356
3.1 24.4145
3.1 24.4002
3.1 24.386
3.1 24.386
3.1 24.386
3.1 24.386
3.1 24.386
3.1 24.3717
3.1 24.4302
3.1 24.4159
3.1 24.4016
3.1 24.4016
3.1 24.4016
3.1 24.3874
3.1 24.3874
3.1 24.3874
3.1 24.3874
3.1 24.3732
3.1 24.3732
3.1 24.359
3.1 24.4172
3.1 24.403
3.1 24.403
3.1 24.403
3.1 24.403
3.1 24.3888
3.1 24.3888
3.1 24.3746
3.1 24.4328
3.1 24.4186
3.1 24.4044
3.1 24.4044
3.1 24.4044
3.2 24.4044
3.2 24.4044
3.2 24.3902
3.2 24.3902
3.2 24.3902
3.2 24.3761
3.2 24.3619
3.2 24.3619
3.2 24.3619
3.2 24.3478
3.2 24.4058
3.2 24.4058
3.2 24.4058
3.2 24.3917
3.2 24.4496
3.2 24.4354
3.2 24.4933
3.2 24.4792
3.2 24.4792
3.2 24.4792
3.2 24.4792
3.2 24.4792
3.2 24.465
3.2 24.5228
3.2 24.5228
3.2 24.5087
3.2 24.5087
3.2 24.4945
3.2 24.4804
3.2 24.4804
3.2 24.4804
3.2 24.4804
3.2 24.4804
3.2 24.4662
3.2 24.4521
3.2 24.5098
3.2 24.4957
3.2 24.4957
3.2 24.4957
3.2 24.4957
3.2 24.4816
3.2 24.4816
3.2 24.4675
3.2 24.525
3.2 24.525
3.2 24.5109
3.2 24.4968
3.2 24.4968
3.2 24.4968
3.2 24.4968
3.2 24.4968
3.2 24.4968
3.2 24.4828
3.2 24.4687
3.2 24.4546
3.2 24.4546
3.2 24.4546
3.2 24.4406
3.2 24.498
3.2 24.498
3.2 24.498
3.2 24.4839
3.2 24.5413
3.2 24.5272
3.2 24.5845
3.2 24.5704
3.2 24.5704
3.2 24.5704
3.2 24.5704
3.2 24.5704
3.2 24.5564
3.2 24.5564
3.2 24.5564
3.2 24.5423
3.2 24.5283
3.2 24.5143
3.2 24.5143
3.2 24.5143
3.2 24.5143
3.2 24.5143
3.2 24.5003
3.2 24.5574
3.2 24.5574
3.2 24.5434
3.2 24.5294
3.2 24.5294
3.2 24.5294
3.2 24.5154
3.2 24.5154
3.2 24.5154
3.2 24.5014
3.2 24.5584
3.2 24.5444
3.2 24.6014
3.2 24.5874
3.2 24.5874
3.2 24.5874
3.2 24.5874
3.2 24.5874
3.2 24.5874
3.2 24.5734
3.2 24.5734
3.2 24.5594
3.2 24.6163
3.2 24.6163
3.2 24.6023
3.2 24.5883
3.2 24.5883
3.2 24.5883
3.2 24.5743
3.2 24.6311
3.2 24.6171
3.2 24.6739
3.2 24.6599
3.2 24.6599
3.2 24.6599
3.2 24.6599
3.2 24.6599
3.2 24.6459
3.2 24.6459
3.2 24.6459
3.2 24.6319
3.2 24.6319
3.2 24.618
3.2 24.6041
3.2 24.6041
3.2 24.6041
3.2 24.6041
3.2 24.6041
3.2 24.5902
3.2 24.6467
3.2 24.6328
3.2 24.6189
3.2 24.6189
3.2 24.6189
3.2 24.605
3.2 24.605
3.2 24.605
3.2 24.5911
3.2 24.6475
3.2 24.6475
3.2 24.6336
3.2 24.69
3.2 24.6761
3.2 24.6761
3.2 24.6761
3.2 24.6761
3.2 24.6761
3.2 24.6622
3.2 24.7185
3.2 24.7185
3.2 24.7185
3.2 24.7046
3.2 24.6907
3.2 24.6768
3.2 24.6768
3.2 24.6768
3.2 24.6629
3.2 24.7191
3.2 24.7191
3.2 24.7191
3.2 24.7052
3.2 24.6914
3.2 24.6914
3.2 24.6914
3.2 24.6775
3.2 24.6775
3.2 24.6775
3.2 24.6775
3.2 24.6637
3.2 24.6499
3.2 24.7059
3.2 24.692
3.2 24.692
3.2 24.692
3.2 24.692
3.2 24.692
3.2 24.6782
3.2 24.7342
3.2 24.7342
3.2 24.7204
3.2 24.7065
3.2 24.6927
3.2 24.6927
3.2 24.6927
3.2 24.6927
3.2 24.6927
3.2 24.679
3.2 24.6652
3.2 24.721
3.2 24.7072
3.2 24.7072
3.2 24.7072
3.2 24.7072
3.3 24.7072
3.3 24.6934
3.3 24.7492
3.3 24.7492
3.3 24.7492
3.3 24.7354
3.3 24.7911
3.3 24.7773
3.3 24.7635
3.3 24.7635
3.3 24.7635
3.3 24.7635
3.3 24.7635
3.3 24.7497
3.3 24.8053
3.3 24.7916
3.3 24.7778
3.3 24.7778
3.3 24.7778
3.3 24.764
3.3 24.764
3.3 24.764
3.3 24.764
3.3 24.7503
3.3 24.7503
3.3 24.7366
3.3 24.792
3.3 24.7783
3.3 24.7783
3.3 24.7783
3.3 24.7783
3.3 24.7645
3.3 24.7645
3.3 24.7508
3.3 24.8062
3.3 24.7925
3.3 24.7788
3.3 24.7788
3.3 24.7788
3.3 24.7788
3.3 24.7788
3.3 24.7651
3.3 24.7651
3.3 24.7651
3.3 24.7514
3.3 24.7377
3.3 24.7377
3.3 24.7377
3.3 24.7241
3.3 24.7792
3.3 24.7792
3.3 24.7792
3.3 24.7656
3.3 24.8207
3.3 24.8071
3.3 24.8622
3.3 24.8485
3.3 24.8485
3.3 24.8485
3.3 24.8485
3.3 24.8485
3.3 24.8348
3.3 24.8899
3.3 24.8899
3.3 24.8762
3.3 24.8762
3.3 24.8625
3.3 24.8488
3.3 24.8488
3.3 24.8488
3.3 24.8488
3.3 24.8488
3.3 24.8352
3.3 24.8215
3.3 24.8764
3.3 24.8628
3.3 24.8628
3.3 24.8628
3.3 24.8628
3.3 24.8491
3.3 24.8491
3.3 24.8355
3.3 24.8904
3.3 24.8904
3.3 24.8767
3.3 24.8631
3.3 24.8631
3.3 24.8631
3.3 24.8631
3.3 24.8631
3.3 24.8631
3.3 24.8495
3.3 24.8359
3.3 24.8223
3.3 24.8223
3.3 24.8223
3.3 24.8087
3.3 24.8634
3.3 24.8634
3.3 24.8634
3.3 24.8498
3.3 24.9044
3.3 24.8908
3.3 24.9454
3.3 24.9318
3.3 24.9318
3.3 24.9318
3.3 24.9318
3.3 24.9318
3.3 24.9182
3.3 24.9182
3.3 24.9182
3.3 24.9046
3.3 24.8911
3.3 24.8775
3.3 24.8775
3.3 24.8775
3.3 24.8775
3.3 24.8775
3.3 24.864
3.3 24.9184
3.3 24.9184
3.3 24.9048
3.3 24.8913
3.3 24.8913
3.3 24.8913
3.3 24.8778
3.3 24.8778
3.3 24.8778
3.3 24.8643
3.3 24.9186
3.3 24.905
3.3 24.9593
3.3 24.9458
3.3 24.9458
3.3 24.9458
3.3 24.9458
3.3 24.9458
3.3 24.9458
3.3 24.9322
3.3 24.9322
3.3 24.9187
3.3 24.9729
3.3 24.9729
3.3 24.9594
3.3 24.9459
3.3 24.9459
3.3 24.9459
3.3 24.9324
3.3 24.9865
3.3 24.973
3.3 25.027
3.3 25.0135
3.3 25.0135
3.3 25.0135
3.3 25.0135
3.3 25.0135
3.3 25
3.3 25
3.3 25
3.3 24.9865
3.3 24.9865
3.3 24.973
3.3 24.9596
3.3 24.9596
3.3 24.9596
3.3 24.9596
3.3 24.9596
3.3 24.9461
3.3 25
3.3 24.9865
3.3 24.9731
3.3 24.9731
3.3 24.9731
3.3 24.9597
3.3 24.9597
3.3 24.9597
3.3 24.9462
3.3 25
3.3 25
3.3 24.9866
3.3 25.0403
3.3 25.0269
3.3 25.0269
3.3 25.0269
3.3 25.0269
3.3 25.0269
3.3 25.0134
3.3 25.0671
3.3 25.0671
3.3 25.0671
3.3 25.0536
3.3 25.0402
3.3 25.0268
3.3 25.0268
3.4 25.0268
3.4 25.0134
3.4 25.067
3.4 25.067
3.4 25.067
3.4 25.0535
3.4 25.0401
3.4 25.0401
3.4 25.0401
3.4 25.0267
3.4 25.0267
3.4 25.0267
3.4 25.0267
3.4 25.0134
3.4 25
3.4 25.0534
3.4 25.04
3.4 25.04
3.4 25.04
3.4 25.04
3.4 25.04
3.4 25.0267
3.4 25.08
3.4 25.08
3.4 25.0667
3.4 25.0533
3.4 25.04
3.4 25.04
3.4 25.04
3.4 25.04
3.4 25.04
3.4 25.0266
3.4 25.0133
3.4 25.0665
3.4 25.0532
3.4 25.0532
3.4 25.0532
3.4 25.0532
3.4 25.0532
3.4 25.0399
3.4 25.093
3.4 25.093
3.4 25.093
3.4 25.0797
3.4 25.1328
3.4 25.1195
3.4 25.1062
3.4 25.1062
3.4 25.1062
3.4 25.1062
3.4 25.1062
3.4 25.0928
3.4 25.1459
3.4 25.1326
3.4 25.1192
3.4 25.1192
3.4 25.1192
3.4 25.1059
3.4 25.1059
3.4 25.1059
3.4 25.1059
3.4 25.0926
3.4 25.0926
3.4 25.0794
3.4 25.1323
3.4 25.119
3.4 25.119
3.4 25.119
3.4 25.119
3.4 25.1057
3.4 25.1057
3.4 25.0924
3.4 25.1453
3.4 25.132
3.4 25.1187
3.4 25.1187
3.4 25.1187
3.4 25.1187
3.4 25.1187
3.4 25.1055
3.4 25.1055
3.4 25.1055
3.4 25.0923
3.4 25.079
3.4 25.079
3.4 25.079
3.4 25.0658
3.4 25.1185
3.4 25.1185
3.4 25.1185
3.4 25.1053
3.4 25.1579
3.4 25.1447
3.4 25.1973
3.4 25.184
3.4 25.184
3.4 25.184
3.4 25.184
3.4 25.184
3.4 25.1708
3.4 25.2233
3.4 25.2233
3.4 25.2101
3.4 25.2101
3.4 25.1969
3.4 25.1836
3.4 25.1836
3.4 25.1836
3.4 25.1836
3.4 25.1836
3.4 25.1704
3.4 25.1572
3.4 25.2096
3.4 25.1964
3.4 25.1964
3.4 25.1964
3.4 25.1964
3.4 25.1832
3.4 25.1832
3.4 25.1701
3.4 25.2224
3.4 25.2224
3.4 25.2092
3.4 25.196
3.4 25.196
3.4 25.196
3.4 25.196
3.4 25.196
3.4 25.196
3.4 25.1829
3.4 25.1697
3.4 25.1566
3.4 25.1566
3.4 25.1566
3.4 25.1435
3.4 25.1956
3.4 25.1956
3.4 25.1956
3.4 25.1825
3.4 25.2346
3.4 25.2215
3.4 25.2736
3.4 25.2604
3.4 25.2604
3.4 25.2604
3.4 25.2604
3.4 25.2604
3.4 25.2473
3.4 25.2473
3.4 25.2473
3.4 25.2341
3.4 25.221
3.4 25.2079
3.4 25.2079
3.4 25.2079
3.4 25.2079
3.4 25.2079
3.4 25.1948
3.4 25.2468
3.4 25.2468
3.4 25.2336
3.4 25.2206
3.4 25.2206
3.4 25.2206
3.4 25.2075
3.4 25.2075
3.4 25.2075
3.4 25.1944
3.4 25.2462
3.4 25.2332
3.4 25.285
3.4 25.2719
3.4 25.2719
3.4 25.2719
3.4 25.2719
3.4 25.2719
3.4 25.2719
3.4 25.2588
3.4 25.2588
3.4 25.2457
3.4 25.2975
3.4 25.2975
3.4 25.2844
3.4 25.2713
3.4 25.2713
3.4 25.2713
3.4 25.2583
3.4 25.3099
3.4 25.2969
3.4 25.3485
3.4 25.3354
3.4 25.3354
3.4 25.3354
3.4 25.3354
3.5 25.3354
3.5 25.3223
3.5 25.3223
3.5 25.3223
3.5 25.3093
3.5 25.3093
3.5 25.2962
3.5 25.2832
3.5 25.2832
3.5 25.2832
3.5 25.2832
3.5 25.2832
3.5 25.2702
3.5 25.3217
3.5 25.3086
3.5 25.2956
3.5 25.2956
3.5 25.2956
3.5 25.2826
3.5 25.2826
3.5 25.2826
3.5 25.2696
3.5 25.321
3.5 25.321
3.5 25.308
3.5 25.3593
3.5 25.3463
3.5 25.3463
3.5 25.3463
3.5 25.3463
3.5 25.3463
3.5 25.3333
3.5 25.3846
3.5 25.3846
3.5 25.3846
3.5 25.3716
3.5 25.3586
3.5 25.3456
3.5 25.3456
3.5 25.3456
3.5 25.3327
3.5 25.3838
3.5 25.3838
3.5 25.3838
3.5 25.3708
3.5 25.3579
3.5 25.3579
3.5 25.3579
3.5 25.3449
3.5 25.3449
3.5 25.3449
3.5 25.3449
3.5 25.332
3.5 25.319
3.5 25.3701
3.5 25.3571
3.5 25.3571
3.5 25.3571
3.5 25.3571
3.5 25.3571
3.5 25.3442
3.5 25.3952
3.5 25.3952
3.5 25.3823
3.5 25.3693
3.5 25.3564
3.5 25.3564
3.5 25.3564
3.5 25.3564
3.5 25.3564
3.5 25.3435
3.5 25.3306
3.5 25.3815
3.5 25.3686
3.5 25.3686
3.5 25.3686
3.5 25.3686
3.5 25.3686
3.5 25.3557
3.5 25.4065
3.5 25.4065
3.5 25.4065
3.5 25.3936
3.5 25.4444
3.5 25.4315
3.5 25.4186
3.5 25.4186
3.5 25.4186
3.5 25.4186
3.5 25.4186
3.5 25.4057
3.5 25.4564
3.5 25.4435
3.5 25.4306
3.5 25.4306
3.5 25.4306
3.5 25.4177
3.5 25.4177
3.5 25.4177
3.5 25.4177
3.5 25.4049
3.5 25.4049
3.5 25.392
3.5 25.4426
3.5 25.4297
3.5 25.4297
3.5 25.4297
3.5 25.4297
3.5 25.4169
3.5 25.4169
3.5 25.404
3.5 25.4545
3.5 25.4417
3.5 25.4289
3.5 25.4289
3.5 25.4289
3.5 25.4289
3.5 25.4289
3.5 25.416
3.5 25.416
3.5 25.416
3.5 25.4032
3.5 25.3904
3.5 25.3904
3.5 25.3904
3.5 25.3776
3.5 25.428
3.5 25.428
3.5 25.428
3.5 25.4152
3.5 25.4655
3.5 25.4527
3.5 25.503
3.5 25.4902
3.5 25.4902
3.5 25.4902
3.5 25.4902
3.5 25.4902
3.5 25.4774
3.5 25.5276
3.5 25.5276
3.5 25.5148
3.5 25.5148
3.5 25.502
3.5 25.4892
3.5 25.4892
3.5 25.4892
3.5 25.4892
3.5 25.4892
3.5 25.4764
3.5 25.4637
3.5 25.5138
3.5 25.501
3.5 25.501
3.5 25.501
3.5 25.501
3.5 25.4882
3.5 25.4882
3.5 25.4755
3.5 25.5255
3.5 25.5255
3.5 25.5128
3.5 25.5
3.5 25.5
3.5 25.5
3.5 25.5
3.5 25.5
3.5 25.5
3.5 25.4873
3.5 25.4745
3.5 25.4618
3.5 25.4618
3.5 25.4618
3.5 25.4491
3.5 25.499
3.5 25.499
3.5 25.499
3.5 25.4863
3.5 25.5362
3.5 25.5234
3.5 25.5733
3.5 25.5605
3.5 25.5605
3.5 25.5605
3.5 25.5605
3.5 25.5605
3.5 25.5478
3.5 25.5478
3.5 25.5478
3.5 25.5351
3.5 25.5224
3.5 25.5097
3.5 25.5097
3.5 25.5097
3.6 25.5097
3.6 25.5097
3.6 25.497
3.6 25.5467
3.6 25.5467
3.6 25.534
3.6 25.5214
3.6 25.5214
3.6 25.5214
3.6 25.5087
3.6 25.5087
3.6 25.5087
3.6 25.496
3.6 25.5456
3.6 25.533
3.6 25.5825
3.6 25.5699
3.6 25.5699
3.6 25.5699
3.6 25.5699
3.6 25.5699
3.6 25.5699
3.6 25.5572
3.6 25.5572
3.6 25.5446
3.6 25.5941
3.6 25.5941
3.6 25.5814
3.6 25.5687
3.6 25.5687
3.6 25.5687
3.6 25.5561
3.6 25.6055
3.6 25.5929
3.6 25.6423
3.6 25.6296
3.6 25.6296
3.6 25.6296
3.6 25.6296
3.6 25.6296
3.6 25.617
3.6 25.617
3.6 25.617
3.6 25.6043
3.6 25.6043
3.6 25.5917
3.6 25.5791
3.6 25.5791
3.6 25.5791
3.6 25.5791
3.6 25.5791
3.6 25.5665
3.6 25.6158
3.6 25.6032
3.6 25.5906
3.6 25.5906
3.6 25.5906
3.6 25.578
3.6 25.578
3.6 25.578
3.6 25.5654
3.6 25.6146
3.6 25.6146
3.6 25.602
3.6 25.6511
3.6 25.6385
3.6 25.6385
3.6 25.6385
3.6 25.6385
3.6 25.6385
3.6 25.6259
3.6 25.675
3.6 25.675
3.6 25.675
3.6 25.6624
3.6 25.6498
3.6 25.6373
3.6 25.6373
3.6 25.6373
3.6 25.6247
3.6 25.6737
3.6 25.6737
3.6 25.6737
3.6 25.6611
3.6 25.6486
3.6 25.6486
3.6 25.6486
3.6 25.636
3.6 25.636
3.6 25.636
3.6 25.636
3.6 25.6235
3.6 25.6109
3.6 25.6598
3.6 25.6473
3.6 25.6473
3.6 25.6473
3.6 25.6473
3.6 25.6473
3.6 25.6348
3.6 25.6836
3.6 25.6836
3.6 25.6711
3.6 25.6585
3.6 25.646
3.6 25.646
3.6 25.646
3.6 25.646
3.6 25.646
3.6 25.6335
3.6 25.621
3.6 25.6698
3.6 25.6573
3.6 25.6573
3.6 25.6573
3.6 25.6573
3.6 25.6573
3.6 25.6448
3.6 25.6934
3.6 25.6934
3.6 25.6934
3.6 25.6809
3.6 25.7296
3.6 25.7171
3.6 25.7046
3.6 25.7046
3.6 25.7046
3.6 25.7046
3.6 25.7046
3.6 25.6921
3.6 25.7407
3.6 25.7282
3.6 25.7157
3.6 25.7157
3.6 25.7157
3.6 25.7032
3.6 25.7032
3.6 25.7032
3.6 25.7032
3.6 25.6907
3.6 25.6907
3.6 25.6783
3.6 25.7267
3.6 25.7143
3.6 25.7143
3.6 25.7143
3.6 25.7143
3.6 25.7018
3.6 25.7018
3.6 25.6894
3.6 25.7378
3.6 25.7253
3.6 25.7129
3.6 25.7129
3.6 25.7129
3.6 25.7129
3.6 25.7129
3.6 25.7005
3.6 25.7005
3.6 25.7005
3.6 25.6881
3.6 25.6757
3.6 25.6757
3.6 25.6757
3.6 25.6633
3.6 25.7115
3.6 25.7115
3.6 25.7115
3.6 25.6991
3.6 25.7473
3.6 25.7349
3.6 25.7831
3.6 25.7707
3.6 25.7707
3.6 25.7707
3.6 25.7707
3.6 25.7707
3.6 25.7583
3.6 25.8065
3.6 25.8065
3.6 25.794
3.6 25.794
3.6 25.7816
3.6 25.7692
3.6 25.7692
3.6 25.7692
3.6 25.7692
3.6 25.7692
3.6 25.7568
3.6 25.7445
3.6 25.7925
3.6 25.7801
3.6 25.7801
3.6 25.7801
3.7 25.7801
3.7 25.7678
3.7 25.7678
3.7 25.7554
3.7 25.8034
3.7 25.8034
3.7 25.791
3.7 25.7786
3.7 25.7786
3.7 25.7786
3.7 25.7786
3.7 25.7786
3.7 25.7786
3.7 25.7663
3.7 25.7539
3.7 25.7416
3.7 25.7416
3.7 25.7416
3.7 25.7293
3.7 25.7771
3.7 25.7771
3.7 25.7771
3.7 25.7648
3.7 25.8126
3.7 25.8003
3.7 25.8481
3.7 25.8357
3.7 25.8357
3.7 25.8357
3.7 25.8357
3.7 25.8357
3.7 25.8234
3.7 25.8234
3.7 25.8234
3.7 25.8111
3.7 25.7988
3.7 25.7865
3.7 25.7865
3.7 25.7865
3.7 25.7865
3.7 25.7865
3.7 25.7742
3.7 25.8218
3.7 25.8218
3.7 25.8095
3.7 25.7972
3.7 25.7972
3.7 25.7972
3.7 25.785
3.7 25.785
3.7 25.785
3.7 25.7727
3.7 25.8203
3.7 25.808
3.7 25.8555
3.7 25.8432
3.7 25.8432
3.7 25.8432
3.7 25.8432
3.7 25.8432
3.7 25.8432
3.7 25.831
3.7 25.831
3.7 25.8187
3.7 25.8662
3.7 25.8662
3.7 25.8539
3.7 25.8416
3.7 25.8416
3.7 25.8416
3.7 25.8294
3.7 25.8768
3.7 25.8645
3.7 25.9119
3.7 25.8996
3.7 25.8996
3.7 25.8996
3.7 25.8996
3.7 25.8996
3.7 25.8874
3.7 25.8874
3.7 25.8874
3.7 25.8751
3.7 25.8751
3.7 25.8629
3.7 25.8507
3.7 25.8507
3.7 25.8507
3.7 25.8507
3.7 25.8507
3.7 25.8385
3.7 25.8857
3.7 25.8735
3.7 25.8613
3.7 25.8613
3.7 25.8613
3.7 25.8491
3.7 25.8491
3.7 25.8491
3.7 25.8369
3.7 25.884
3.7 25.884
3.7 25.8718
3.7 25.9189
3.7 25.9067
3.7 25.9067
3.7 25.9067
3.7 25.9067
3.7 25.9067
3.7 25.8945
3.7 25.9416
3.7 25.9416
3.7 25.9416
3.7 25.9294
3.7 25.9172
3.7 25.905
3.7 25.905
3.7 25.905
3.7 25.8929
3.7 25.9398
3.7 25.9398
3.7 25.9398
3.7 25.9277
3.7 25.9155
3.7 25.9155
3.7 25.9155
3.7 25.9033
3.7 25.9033
3.7 25.9033
3.7 25.9033
3.7 25.8912
3.7 25.879
3.7 25.9259
3.7 25.9138
3.7 25.9138
3.7 25.9138
3.7 25.9138
3.7 25.9138
3.7 25.9016
3.7 25.9485
3.7 25.9485
3.7 25.9363
3.7 25.9242
3.7 25.9121
3.7 25.9121
3.7 25.9121
3.7 25.9121
3.7 25.9121
3.7 25.9
3.7 25.8879
3.7 25.9346
3.7 25.9225
3.7 25.9225
3.7 25.9225
3.7 25.9225
3.7 25.9225
3.7 25.9104
3.7 25.957
3.7 25.957
3.7 25.957
3.7 25.9449
3.7 25.9916
3.7 25.9795
3.7 25.9674
3.7 25.9674
3.7 25.9674
3.7 25.9674
3.7 25.9674
3.7 25.9553
3.7 26.0019
3.7 25.9898
3.7 25.9777
3.7 25.9777
3.7 25.9777
3.7 25.9656
3.7 25.9656
3.7 25.9656
3.7 25.9656
3.7 25.9535
3.7 25.9535
3.7 25.9414
3.7 25.9879
3.7 25.9758
3.7 25.9758
3.7 25.9758
3.7 25.9758
3.7 25.9638
3.7 25.9638
3.7 25.9517
3.7 25.9981
3.7 25.9861
3.7 25.974
3.7 25.974
3.7 25.974
3.8 25.974
3.8 25.974
3.8 25.962
3.8 25.962
3.8 25.962
3.8 25.95
3.8 25.9379
3.8 25.9379
3.8 25.9379
3.8 25.9259
3.8 25.9722
3.8 25.9722
3.8 25.9722
3.8 25.9602
3.8 26.0065
3.8 25.9944
3.8 26.0407
3.8 26.0287
3.8 26.0287
3.8 26.0287
3.8 26.0287
3.8 26.0287
3.8 26.0166
3.8 26.0628
3.8 26.0628
3.8 26.0508
3.8 26.0508
3.8 26.0388
3.8 26.0268
3.8 26.0268
3.8 26.0268
3.8 26.0268
3.8 26.0268
3.8 26.0148
3.8 26.0028
3.8 26.0489
3.8 26.0369
3.8 26.0369
3.8 26.0369
3.8 26.0369
3.8 26.0249
3.8 26.0249
3.8 26.0129
3.8 26.0589
3.8 26.0589
3.8 26.0469
3.8 26.035
3.8 26.035
3.8 26.035
3.8 26.035
3.8 26.035
3.8 26.035
3.8 26.023
3.8 26.011
3.8 25.9991
3.8 25.9991
3.8 25.9991
3.8 25.9871
3.8 26.0331
3.8 26.0331
3.8 26.0331
3.8 26.0211
3.8 26.067
3.8 26.055
3.8 26.1009
3.8 26.089
3.8 26.089
3.8 26.089
3.8 26.089
3.8 26.089
3.8 26.077
3.8 26.077
3.8 26.077
3.8 26.065
3.8 26.0531
3.8 26.0412
3.8 26.0412
3.8 26.0412
3.8 26.0412
3.8 26.0412
3.8 26.0293
3.8 26.075
3.8 26.075
3.8 26.0631
3.8 26.0512
3.8 26.0512
3.8 26.0512
3.8 26.0393
3.8 26.0393
3.8 26.0393
3.8 26.0274
3.8 26.0731
3.8 26.0612
3.8 26.1068
3.8 26.0949
3.8 26.0949
3.8 26.0949
3.8 26.0949
3.8 26.0949
3.8 26.0949
3.8 26.083
3.8 26.083
3.8 26.0711
3.8 26.1167
3.8 26.1167
3.8 26.1048
3.8 26.0929
3.8 26.0929
3.8 26.0929
3.8 26.081
3.8 26.1265
3.8 26.1146
3.8 26.1601
3.8 26.1482
3.8 26.1482
3.8 26.1482
3.8 26.1482
3.8 26.1482
3.8 26.1364
3.8 26.1364
3.8 26.1364
3.8 26.1245
3.8 26.1245
3.8 26.1126
3.8 26.1008
3.8 26.1008
3.8 26.1008
3.8 26.1008
3.8 26.1008
3.8 26.0889
3.8 26.1343
3.8 26.1224
3.8 26.1106
3.8 26.1106
3.8 26.1106
3.8 26.0988
3.8 26.0988
3.8 26.0988
3.8 26.087
3.8 26.1322
3.8 26.1322
3.8 26.1204
3.8 26.1657
3.8 26.1538
3.8 26.1538
3.8 26.1538
3.8 26.1538
3.8 26.1538
3.8 26.142
3.8 26.1872
3.8 26.1872
3.8 26.1872
3.8 26.1754
3.8 26.1636
3.8 26.1518
3.8 26.1518
3.8 26.1518
3.8 26.14
3.8 26.1851
3.8 26.1851
3.8 26.1851
3.8 26.1733
3.8 26.1615
3.8 26.1615
3.8 26.1615
3.8 26.1497
3.8 26.1497
3.8 26.1497
3.8 26.1497
3.8 26.1379
3.8 26.1261
3.8 26.1712
3.8 26.1594
3.8 26.1594
3.8 26.1594
3.8 26.1594
3.8 26.1594
3.8 26.1476
3.8 26.1926
3.8 26.1926
3.8 26.1808
3.8 26.1691
3.8 26.1573
3.8 26.1573
3.8 26.1573
3.8 26.1573
3.8 26.1573
3.8 26.1456
3.8 26.1338
3.8 26.1787
3.8 26.167
3.8 26.167
3.8 26.167
3.8 26.167
3.9 26.167
3.9 26.1552
3.9 26.2001
3.9 26.2001
3.9 26.2001
3.9 26.1883
3.9 26.2332
3.9 26.2214
3.9 26.2097
3.9 26.2097
3.9 26.2097
3.9 26.2097
3.9 26.2097
3.9 26.1979
3.9 26.2427
3.9 26.231
3.9 26.2192
3.9 26.2192
3.9 26.2192
3.9 26.2075
3.9 26.2075
3.9 26.2075
3.9 26.2075
3.9 26.1958
3.9 26.1958
3.9 26.1841
3.9 26.2288
3.9 26.2171
3.9 26.2171
3.9 26.2171
3.9 26.2171
3.9 26.2054
3.9 26.2054
3.9 26.1937
3.9 26.2383
3.9 26.2266
3.9 26.2149
3.9 26.2149
3.9 26.2149
3.9 26.2149
3.9 26.2149
3.9 26.2032
3.9 26.2032
3.9 26.2032
3.9 26.1915
3.9 26.1799
3.9 26.1799
3.9 26.1799
3.9 26.1682
3.9 26.2127
3.9 26.2127
3.9 26.2127
3.9 26.2011
3.9 26.2456
3.9 26.2339
3.9 26.2783
3.9 26.2667
3.9 26.2667
3.9 26.2667
3.9 26.2667
3.9 26.2667
3.9 26.255
3.9 26.2994
3.9 26.2994
3.9 26.2877
3.9 26.2877
3.9 26.2761
3.9 26.2644
3.9 26.2644
3.9 26.2644
3.9 26.2644
3.9 26.2644
3.9 26.2528
3.9 26.2411
3.9 26.2855
3.9 26.2738
3.9 26.2738
3.9 26.2738
3.9 26.2738
3.9 26.2622
3.9 26.2622
3.9 26.2506
3.9 26.2948
3.9 26.2948
3.9 26.2832
3.9 26.2716
3.9 26.2716
3.9 26.2716
3.9 26.2716
3.9 26.2716
3.9 26.2716
3.9 26.2599
3.9 26.2483
3.9 26.2367
3.9 26.2367
3.9 26.2367
3.9 26.2252
3.9 26.2693
3.9 26.2693
3.9 26.2693
3.9 26.2577
3.9 26.3019
3.9 26.2903
3.9 26.3344
3.9 26.3228
3.9 26.3228
3.9 26.3228
3.9 26.3228
3.9 26.3228
3.9 26.3112
3.9 26.3112
3.9 26.3112
3.9 26.2996
3.9 26.288
3.9 26.2764
3.9 26.2764
3.9 26.2764
3.9 26.2764
3.9 26.2764
3.9 26.2648
3.9 26.3088
3.9 26.3088
3.9 26.2973
3.9 26.2857
3.9 26.2857
3.9 26.2857
3.9 26.2742
3.9 26.2742
3.9 26.2742
3.9 26.2626
3.9 26.3065
3.9 26.295
3.9 26.3389
3.9 26.3273
3.9 26.3273
3.9 26.3273
3.9 26.3273
3.9 26.3273
3.9 26.3273
3.9 26.3158
3.9 26.3158
3.9 26.3043
3.9 26.3481
3.9 26.3481
3.9 26.3365
3.9 26.325
3.9 26.325
3.9 26.325
3.9 26.3135
3.9 26.3573
3.9 26.3457
3.9 26.3895
3.9 26.378
3.9 26.378
3.9 26.378
3.9 26.378
3.9 26.378
3.9 26.3664
3.9 26.3664
3.9 26.3664
3.9 26.3549
3.9 26.3549
3.9 26.3434
3.9 26.3319
3.9 26.3319
3.9 26.3319
3.9 26.3319
3.9 26.3319
3.9 26.3204
3.9 26.364
3.9 26.3525
3.9 26.341
3.9 26.341
3.9 26.341
3.9 26.3296
3.9 26.3296
3.9 26.3296
3.9 26.3181
3.9 26.3617
3.9 26.3617
3.9 26.3502
3.9 26.3937
3.9 26.3822
3.9 26.3822
3.9 26.3822
3.9 26.3822
3.9 26.3822
3.9 26.3708
3.9 26.4143
3.9 26.4143
3.9 26.4143
3.9 26.4028
3.9 26.3913
3.9 26.3798
3.9 26.3798
4 26.3798
4 26.3684
4 26.4118
4 26.4118
4 26.4118
4 26.4003
4 26.3889
4 26.3889
4 26.3889
4 26.3774
4 26.3774
4 26.3774
4 26.3774
4 26.366
4 26.3546
4 26.3979
4 26.3865
4 26.3865
4 26.3865
4 26.3865
4 26.3865
4 26.3751
4 26.4184
4 26.4184
4 26.4069
4 26.3955
4 26.3841
4 26.3841
4 26.3841
4 26.3841
4 26.3841
4 26.3727
4 26.3613
4 26.4045
4 26.3931
4 26.3931
4 26.3931
4 26.3931
4 26.3931
4 26.3817
4 26.4249
4 26.4249
4 26.4249
4 26.4135
4 26.4566
4 26.4452
4 26.4338
4 26.4338
4 26.4338
4 26.4338
4 26.4338
4 26.4224
4 26.4655
4 26.4541
4 26.4427
4 26.4427
4 26.4427
4 26.4313
4 26.4313
4 26.4313
4 26.4313
4 26.42
4 26.42
4 26.4086
4 26.4516
4 26.4402
4 26.4402
4 26.4402
4 26.4402
4 26.4289
4 26.4289
4 26.4175
4 26.4605
4 26.4491
4 26.4378
4 26.4378
4 26.4378
4 26.4378
4 26.4378
4 26.4264
4 26.4264
4 26.4264
4 26.4151
4 26.4038
4 26.4038
4 26.4038
4 26.3925
4 26.4353
4 26.4353
4 26.4353
4 26.424
4 26.4668
4 26.4555
4 26.4983
4 26.4869
4 26.4869
4 26.4869
4 26.4869
4 26.4869
4 26.4756
4 26.5184
4 26.5184
4 26.5071
4 26.5071
4 26.4957
4 26.4844
4 26.4844
4 26.4844
4 26.4844
4 26.4844
4 26.4731
4 26.4618
4 26.5045
4 26.4932
4 26.4932
4 26.4932
4 26.4932
4 26.4819
4 26.4819
4 26.4706
4 26.5132
4 26.5132
4 26.5019
4 26.4906
4 26.4906
4 26.4906
4 26.4906
4 26.4906
4 26.4906
4 26.4794
4 26.4681
4 26.4568
4 26.4568
4 26.4568
4 26.4456
4 26.4881
4 26.4881
4 26.4881
4 26.4768
4 26.5193
4 26.5081
4 26.5506
4 26.5393
4 26.5393
4 26.5393
4 26.5393
4 26.5393
4 26.528
4 26.528
4 26.528
4 26.5168
4 26.5055
4 26.4943
4 26.4943
4 26.4943
4 26.4943
4 26.4943
4 26.4831
4 26.5254
4 26.5254
4 26.5142
4 26.503
4 26.503
4 26.503
4 26.4917
4 26.4917
4 26.4917
4 26.4805
4 26.5228
4 26.5116
4 26.5539
4 26.5427
4 26.5427
4 26.5427
4 26.5427
4 26.5427
4 26.5427
4 26.5315
4 26.5315
4 26.5203
4 26.5625
4 26.5625
4 26.5513
4 26.5401
4 26.5401
4 26.5401
4 26.5289
4 26.5711
4 26.5599
4 26.602
4 26.5908
4 26.5908
4 26.5908
4 26.5908
4.1 26.5908
4.1 26.5796
4.1 26.5796
4.1 26.5796
4.1 26.5684
4.1 26.5684
4.1 26.5572
4.1 26.5572
4.1 26.5572
4.1 26.5572
4.1 26.5572
4.1 26.5461
4.1 26.5881
4.1 26.577
4.1 26.577
4.1 26.577
4.1 26.5658
4.1 26.5658
4.1 26.5658
4.1 26.5546
4.1 26.5966
4.1 26.5966
4.1 26.5855
4.1 26.5855
4.1 26.5855
4.1 26.5855
4.1 26.5855
4.1 26.5855
4.1 26.5743
4.1 26.5743
4.1 26.5632
4.1 26.552
4.1 26.552
4.1 26.552
4.1 26.5409
4.1 26.5828
4.1 26.5828
4.1 26.5828
4.1 26.5717
4.1 26.5717
4.1 26.5717
4.1 26.5717
4.1 26.5605
4.1 26.6024
4.1 26.6024
4.1 26.6024
4.1 26.5913
4.1 26.5802
4.1 26.5802
4.1 26.5802
4.1 26.5802
4.1 26.5802
4.1 26.569
4.1 26.6109
4.1 26.6109
4.1 26.5997
4.1 26.5886
4.1 26.5886
4.1 26.5886
4.1 26.5886
4.1 26.5886
4.1 26.5775
4.1 26.5664
4.1 26.5664
4.1 26.5664
4.1 26.5664
4.1 26.5664
4.1 26.5664
4.1 26.5553
4.1 26.5553
4.1 26.5442
4.1 26.586
4.1 26.5749
4.1 26.5749
4.1 26.5749
4.1 26.5749
4.1 26.5749
4.1 26.5638
4.1 26.6055
4.1 26.5944
4.1 26.5944
4.1 26.5944
4.1 26.5944
4.1 26.5833
4.1 26.625
4.1 26.625
4.1 26.625
4.1 26.6139
4.1 26.6139
4.1 26.6028
4.1 26.6028
4.1 26.6028
4.1 26.6028
4.1 26.5918
4.1 26.5918
4.1 26.5807
4.1 26.6223
4.1 26.6112
4.1 26.6112
4.1 26.6112
4.1 26.6112
4.1 26.6112
4.1 26.6002
4.1 26.6002
4.1 26.6002
4.1 26.5891
4.1 26.5891
4.1 26.5891
4.1 26.5891
4.1 26.5781
4.1 26.5781
4.1 26.567
4.1 26.6086
4.1 26.5975
4.1 26.5975
4.1 26.5975
4.1 26.5975
4.1 26.5975
4.1 26.5865
4.1 26.628
4.1 26.628
4.1 26.628
4.1 26.6169
4.1 26.6584
4.1 26.6473
4.1 26.6473
4.1 26.6473
4.1 26.6473
4.1 26.6473
4.1 26.6363
4.1 26.6253
4.1 26.6253
4.1 26.6253
4.1 26.6253
4.1 26.6142
4.1 26.6142
4.1 26.6032
4.1 26.6446
4.1 26.6446
4.1 26.6336
4.1 26.6336
4.1 26.6336
4.1 26.6336
4.1 26.6336
4.1 26.6336
4.1 26.6226
4.1 26.6116
4.1 26.6116
4.1 26.6116
4.1 26.6116
4.1 26.6006
4.1 26.6006
4.1 26.5896
4.1 26.6309
4.1 26.6199
4.1 26.6199
4.1 26.6199
4.1 26.6199
4.1 26.6199
4.1 26.6199
4.1 26.6089
4.1 26.6502
4.1 26.6502
4.1 26.6392
4.1 26.6282
4.1 26.6282
4.1 26.6282
4.2 26.6282
4.2 26.6282
4.2 26.6172
4.2 26.6584
4.2 26.6584
4.2 26.6474
4.2 26.6474
4.2 26.6474
4.2 26.6365
4.2 26.6365
4.2 26.6365
4.2 26.6255
4.2 26.6667
4.2 26.6557
4.2 26.6557
4.2 26.6557
4.2 26.6557
4.2 26.6557
4.2 26.6557
4.2 26.6447
4.2 26.6447
4.2 26.6447
4.2 26.6338
4.2 26.6228
4.2 26.6228
4.2 26.6228
4.2 26.6119
4.2 26.653
4.2 26.642
4.2 26.642
4.2 26.642
4.2 26.642
4.2 26.642
4.2 26.642
4.2 26.6311
4.2 26.6721
4.2 26.6721
4.2 26.6612
4.2 26.6612
4.2 26.6503
4.2 26.6503
4.2 26.6503
4.2 26.6503
4.2 26.6503
4.2 26.6393
4.2 26.6803
4.2 26.6694
4.2 26.6694
4.2 26.6694
4.2 26.6585
4.2 26.6585
4.2 26.6585
4.2 26.6476
4.2 26.6885
4.2 26.6885
4.2 26.6776
4.2 26.6776
4.2 26.6776
4.2 26.6776
4.2 26.6776
4.2 26.6776
4.2 26.6667
4.2 26.6667
4.2 26.6558
4.2 26.6449
4.2 26.6449
4.2 26.6449
4.2 26.634
4.2 26.6748
4.2 26.6748
4.2 26.6748
4.2 26.6639
4.2 26.6639
4.2 26.6639
4.2 26.6639
4.2 26.6531
4.2 26.6939
4.2 26.6939
4.2 26.6939
4.2 26.683
4.2 26.6721
4.2 26.6721
4.2 26.6721
4.2 26.6721
4.2 26.6721
4.2 26.6612
4.2 26.702
4.2 26.702
4.2 26.6911
4.2 26.6802
4.2 26.6802
4.2 26.6802
4.2 26.6802
4.2 26.6802
4.2 26.6694
4.2 26.6585
4.2 26.6585
4.2 26.6585
4.2 26.6585
4.2 26.6585
4.2 26.6585
4.2 26.6477
4.2 26.6477
4.2 26.6368
4.2 26.6775
4.2 26.6667
4.2 26.6667
4.2 26.6667
4.2 26.6667
4.2 26.6667
4.2 26.6558
4.2 26.6965
4.2 26.6856
4.2 26.6856
4.2 26.6856
4.2 26.6856
4.2 26.6748
4.2 26.7154
4.2 26.7154
4.2 26.7154
4.2 26.7045
4.2 26.7045
4.2 26.6937
4.2 26.6937
4.2 26.6937
4.2 26.6937
4.2 26.6829
4.2 26.6829
4.2 26.6721
4.2 26.7126
4.2 26.7018
4.2 26.7018
4.2 26.7018
4.2 26.7018
4.2 26.7018
4.2 26.691
4.2 26.691
4.2 26.691
4.2 26.6802
4.2 26.6802
4.2 26.6802
4.2 26.6802
4.2 26.6694
4.2 26.6694
4.2 26.6586
4.2 26.699
4.2 26.6882
4.2 26.6882
4.2 26.6882
4.2 26.6882
4.2 26.6882
4.2 26.6774
4.2 26.7179
4.2 26.7179
4.2 26.7179
4.2 26.7071
4.2 26.7475
4.2 26.7367
4.2 26.7367
4.2 26.7367
4.2 26.7367
4.2 26.7367
4.2 26.7259
4.2 26.7151
4.2 26.7151
4.2 26.7151
4.3 26.7151
4.3 26.7043
4.3 26.7043
4.3 26.6935
4.3 26.7339
4.3 26.7339
4.3 26.7231
4.3 26.7231
4.3 26.7231
4.3 26.7231
4.3 26.7231
4.3 26.7231
4.3 26.7123
4.3 26.7016
4.3 26.7016
4.3 26.7016
4.3 26.7016
4.3 26.6908
4.3 26.6908
4.3 26.6801
4.3 26.7203
4.3 26.7096
4.3 26.7096
4.3 26.7096
4.3 26.7096
4.3 26.7096
4.3 26.7096
4.3 26.6988
4.3 26.739
4.3 26.739
4.3 26.7283
4.3 26.7176
4.3 26.7176
4.3 26.7176
4.3 26.7176
4.3 26.7176
4.3 26.7068
4.3 26.747
4.3 26.747
4.3 26.7363
4.3 26.7363
4.3 26.7363
4.3 26.7255
4.3 26.7255
4.3 26.7255
4.3 26.7148
4.3 26.7549
4.3 26.7442
4.3 26.7442
4.3 26.7442
4.3 26.7442
4.3 26.7442
4.3 26.7442
4.3 26.7335
4.3 26.7335
4.3 26.7335
4.3 26.7228
4.3 26.7121
4.3 26.7121
4.3 26.7121
4.3 26.7014
4.3 26.7414
4.3 26.7307
4.3 26.7307
4.3 26.7307
4.3 26.7307
4.3 26.7307
4.3 26.7307
4.3 26.72
4.3 26.76
4.3 26.76
4.3 26.7493
4.3 26.7493
4.3 26.7386
4.3 26.7386
4.3 26.7386
4.3 26.7386
4.3 26.7386
4.3 26.7279
4.3 26.7679
4.3 26.7572
4.3 26.7572
4.3 26.7572
4.3 26.7465
4.3 26.7465
4.3 26.7465
4.3 26.7358
4.3 26.7757
4.3 26.7757
4.3 26.7651
4.3 26.7651
4.3 26.7651
4.3 26.7651
4.3 26.7651
4.3 26.7651
4.3 26.7544
4.3 26.7544
4.3 26.7437
4.3 26.7331
4.3 26.7331
4.3 26.7331
4.3 26.7224
4.3 26.7622
4.3 26.7622
4.3 26.7622
4.3 26.7516
4.3 26.7516
4.3 26.7516
4.3 26.7516
4.3 26.7409
4.3 26.7807
4.3 26.7807
4.3 26.7807
4.3 26.7701
4.3 26.7594
4.3 26.7594
4.3 26.7594
4.3 26.7594
4.3 26.7594
4.3 26.7488
4.3 26.7886
4.3 26.7886
4.3 26.7779
4.3 26.7673
4.3 26.7673
4.3 26.7673
4.3 26.7673
4.3 26.7673
4.3 26.7566
4.3 26.746
4.3 26.746
4.3 26.746
4.3 26.746
4.3 26.746
4.3 26.746
4.3 26.7354
4.3 26.7354
4.3 26.7248
4.3 26.7645
4.3 26.7539
4.3 26.7539
4.3 26.7539
4.3 26.7539
4.3 26.7539
4.3 26.7433
4.3 26.7829
4.3 26.7723
4.3 26.7723
4.3 26.7723
4.3 26.7723
4.3 26.7617
4.3 26.8013
4.3 26.8013
4.3 26.8013
4.3 26.7907
4.3 26.7907
4.3 26.7801
4.3 26.7801
4.3 26.7801
4.3 26.7801
4.3 26.7695
4.3 26.7695
4.3 26.7589
4.3 26.7984
4.3 26.7878
4.3 26.7878
4.3 26.7878
4.4 26.7878
4.4 26.7878
4.4 26.7773
4.4 26.7773
4.4 26.7773
4.4 26.7667
4.4 26.7667
4.4 26.7667
4.4 26.7667
4.4 26.7561
4.4 26.7561
4.4 26.7456
4.4 26.785
4.4 26.7744
4.4 26.7744
4.4 26.7744
4.4 26.7744
4.4 26.7744
4.4 26.7639
4.4 26.8033
4.4 26.8033
4.4 26.8033
4.4 26.7928
4.4 26.8322
4.4 26.8216
4.4 26.8216
4.4 26.8216
4.4 26.8216
4.4 26.8216
4.4 26.811
4.4 26.8005
4.4 26.8005
4.4 26.8005
4.4 26.8005
4.4 26.7899
4.4 26.7899
4.4 26.7794
4.4 26.8187
4.4 26.8187
4.4 26.8082
4.4 26.8082
4.4 26.8082
4.4 26.8082
4.4 26.8082
4.4 26.8082
4.4 26.7976
4.4 26.7871
4.4 26.7871
4.4 26.7871
4.4 26.7871
4.4 26.7766
4.4 26.7766
4.4 26.7661
4.4 26.8053
4.4 26.7948
4.4 26.7948
4.4 26.7948
4.4 26.7948
4.4 26.7948
4.4 26.7948
4.4 26.7843
4.4 26.8235
4.4 26.8235
4.4 26.813
4.4 26.8025
4.4 26.8025
4.4 26.8025
4.4 26.8025
4.4 26.8025
4.4 26.792
4.4 26.8312
4.4 26.8312
4.4 26.8207
4.4 26.8207
4.4 26.8207
4.4 26.8102
4.4 26.8102
4.4 26.8102
4.4 26.7997
4.4 26.8388
4.4 26.8283
4.4 26.8283
4.4 26.8283
4.4 26.8283
4.4 26.8283
4.4 26.8283
4.4 26.8178
4.4 26.8178
4.4 26.8178
4.4 26.8073
4.4 26.7969
4.4 26.7969
4.4 26.7969
4.4 26.7864
4.4 26.8255
4.4 26.815
4.4 26.815
4.4 26.815
4.4 26.815
4.4 26.815
4.4 26.815
4.4 26.8045
4.4 26.8435
4.4 26.8435
4.4 26.8331
4.4 26.8331
4.4 26.8226
4.4 26.8226
4.4 26.8226
4.4 26.8226
4.4 26.8226
4.4 26.8122
4.4 26.8511
4.4 26.8407
4.4 26.8407
4.4 26.8407
4.4 26.8302
4.4 26.8302
4.4 26.8302
4.4 26.8198
4.4 26.8587
4.4 26.8587
4.4 26.8482
4.4 26.8482
4.4 26.8482
4.4 26.8482
4.4 26.8482
4.4 26.8482
4.4 26.8378
4.4 26.8378
4.4 26.8274
4.4 26.8169
4.4 26.8169
4.4 26.8169
4.4 26.8065
4.4 26.8454
4.4 26.8454
4.4 26.8454
4.4 26.835
4.4 26.835
4.4 26.835
4.4 26.835
4.4 26.8245
4.4 26.8634
4.4 26.8634
4.4 26.8634
4.4 26.8529
4.4 26.8425
4.4 26.8425
4.4 26.8425
4.4 26.8425
4.4 26.8321
4.4 26.8709
4.4 26.8709
4.4 26.8605
4.4 26.8501
4.4 26.8501
4.4 26.8501
4.4 26.8501
4.4 26.8501
4.4 26.8397
4.4 26.8293
4.4 26.8293
4.4 26.8293
4.5 26.8293
4.5 26.8293
4.5 26.8189
4.5 26.8189
4.5 26.8085
4.5 26.8472
4.5 26.8368
4.5 26.8368
4.5 26.8368
4.5 26.8368
4.5 26.8264
4.5 26.8651
4.5 26.8547
4.5 26.8547
4.5 26.8547
4.5 26.8547
4.5 26.8547
4.5 26.8443
4.5 26.8443
4.5 26.834
4.5 26.834
4.5 26.834
4.5 26.8236
4.5 26.8622
4.5 26.8519
4.5 26.8519
4.5 26.8519
4.5 26.8519
4.5 26.8519
4.5 26.8415
4.5 26.8415
4.5 26.8311
4.5 26.8311
4.5 26.8311
4.5 26.8311
4.5 26.8208
4.5 26.8105
4.5 26.8105
4.5 26.8105
4.5 26.8105
4.5 26.8002
4.5 26.8387
4.5 26.8387
4.5 26.8283
4.5 26.8283
4.5 26.8283
4.5 26.8283
4.5 26.8283
4.5 26.818
4.5 26.8077
4.5 26.8077
4.5 26.8077
4.5 26.7974
4.5 26.8358
4.5 26.8358
4.5 26.8255
4.5 26.8255
4.5 26.8255
4.5 26.8255
4.5 26.8255
4.5 26.8152
4.5 26.8049
4.5 26.8049
4.5 26.8049
4.5 26.8049
4.5 26.7946
4.5 26.833
4.5 26.8227
4.5 26.8227
4.5 26.8227
4.5 26.8227
4.5 26.8227
4.5 26.8124
4.5 26.8021
4.5 26.8021
4.5 26.8021
4.5 26.8021
4.5 26.8021
4.5 26.7919
4.5 26.7816
4.5 26.7816
4.5 26.7816
4.5 26.7816
4.5 26.7714
4.5 26.8097
4.5 26.7994
4.5 26.7994
4.5 26.7994
4.5 26.7994
4.5 26.7994
4.5 26.7891
4.5 26.7891
4.5 26.7789
4.5 26.7789
4.5 26.7789
4.5 26.7686
4.5 26.8069
4.5 26.7966
4.5 26.7966
4.5 26.7966
4.5 26.7966
4.5 26.7966
4.5 26.7864
4.5 26.7864
4.5 26.7762
4.5 26.7762
4.5 26.7762
4.5 26.7762
4.5 26.7659
4.5 26.8041
4.5 26.7939
4.5 26.7939
4.5 26.7939
4.5 26.7939
4.5 26.7837
4.5 26.8218
4.5 26.8218
4.5 26.8116
4.5 26.8116
4.5 26.8116
4.5 26.8116
4.5 26.8116
4.5 26.8014
4.5 26.7912
4.5 26.7912
4.6 26.7912
4.6 26.781
4.6 26.781
4.6 26.781
4.6 26.781
4.6 26.781
4.6 26.7708
4.6 26.7708
4.6 26.7708
4.6 26.7606
4.6 26.7986
4.6 26.7986
4.6 26.7986
4.6 26.7986
4.6 26.7986
4.6 26.7986
4.6 26.7986
4.6 26.7986
4.6 26.7986
4.6 26.7986
4.6 26.7986
4.6 26.7986
4.6 26.7986
4.6 26.7986
4.6 26.7986
4.6 26.7986
4.6 26.7986
4.6 26.7986
4.6 26.7986
4.6 26.7986
4.6 26.7986
4.6 26.7986
4.6 26.7986
4.6 26.7986
4.6 26.7986
4.6 26.7986
4.6 26.7986
4.6 26.7986
4.6 26.7986
4.6 26.7986
4.6 26.7986
4.6 26.7986
