0.5 0
0.51 0
0.52 4.096
0.53 0
0.54 0.384
0.55 0
0.56 0
0.57 0
0.58 0
0.59 0
0.6 0
0.61 0
0.62 0
0.63 0
0.64 0
0.65 0
0.66 0
0.67 0
0.68 0
0.69 0
0.7 0
0.71 0
0.72 0
0.73 0
0.74 0
0.75 0
0.76 0
0.77 0
0.78 0
0.79 0
0.8 0
0.81 0
0.82 0
0.83 0
0.84 0
0.85 0
0.86 0
0.87 0
0.88 0
0.89 0
0.9 0
0.91 0
0.92 0
0.93 0
0.94 0
0.95 0
0.96 0
0.97 0
0.98 0
0.99 0
1 0
1.01 0
1.02 0
1.03 0
1.04 12.768
1.05 0
1.06 12.768
1.07 17.024
1.08 0
1.09 8.512
1.1 0
1.11 8.512
1.12 21.28
1.13 0
1.14 0
1.15 8.512
1.16 0
1.17 8.512
1.18 0
1.19 8.512
1.2 0
1.21 8.512
1.22 21.28
1.23 0
1.24 0
1.25 8.512
1.26 0
1.27 8.512
1.28 0
1.29 8.512
1.3 0
1.31 8.512
1.32 21.28
1.33 0
1.34 0
1.35 8.512
1.36 0
1.37 8.512
1.38 0
1.39 8.512
1.4 0
1.41 8.512
1.42 21.28
1.43 8.512
1.44 0
1.45 8.512
1.46 0
1.47 8.512
1.48 0
1.49 8.512
1.5 0
1.51 8.512
1.52 21.28
1.53 8.512
1.54 0
1.55 8.512
1.56 0
1.57 8.512
1.58 0
1.59 8.512
1.6 0
1.61 8.512
1.62 21.28
1.63 8.512
1.64 0
1.65 8.512
1.66 0
1.67 8.512
1.68 0
1.69 8.512
1.7 0
1.71 8.512
1.72 21.28
1.73 8.512
1.74 0
1.75 8.512
1.76 0
1.77 8.512
1.78 0
1.79 8.512
1.8 0
1.81 8.512
1.82 21.28
1.83 8.512
1.84 0
1.85 8.512
1.86 0
1.87 8.512
1.88 0
1.89 8.512
1.9 0
1.91 8.512
1.92 21.28
1.93 8.512
1.94 0
1.95 8.512
1.96 0
1.97 8.512
1.98 0
1.99 8.512
2 0
2.01 8.512
2.02 21.28
2.03 8.512
2.04 0
2.05 8.512
2.06 0
2.07 8.512
2.08 8.192
2.09 12.768
2.1 8.192
2.11 17.024
2.12 16.384
2.13 12.768
2.14 16.384
2.15 12.768
2.16 8.192
2.17 12.768
2.18 8.192
2.19 12.768
2.2 8.192
2.21 17.024
2.22 16.384
2.23 0
2.24 8.192
2.25 12.768
2.26 8.192
2.27 12.768
2.28 8.192
2.29 12.768
2.3 8.192
2.31 17.024
2.32 16.384
2.33 12.768
2.34 16.384
2.35 12.768
2.36 8.192
2.37 12.768
2.38 8.192
2.39 12.768
2.4 8.192
2.41 17.024
2.42 16.384
2.43 12.768
2.44 16.384
2.45 12.768
2.46 8.192
2.47 12.768
2.48 8.192
2.49 12.768
2.5 8.192
2.51 17.024
2.52 16.384
2.53 0
2.54 8.192
2.55 12.768
2.56 8.192
2.57 12.768
2.58 8.192
2.59 12.768
2.6 8.192
2.61 17.024
2.62 16.384
2.63 12.768
2.64 16.384
2.65 12.768
2.66 8.192
2.67 12.768
2.68 8.192
2.69 12.768
2.7 8.192
2.71 17.024
2.72 16.384
2.73 12.768
2.74 16.384
2.75 12.768
2.76 8.192
2.77 12.768
2.78 8.192
2.79 12.768
2.8 8.192
2.81 17.024
2.82 16.384
2.83 0
2.84 8.192
2.85 12.768
2.86 8.192
2.87 12.768
2.88 8.192
2.89 12.768
2.9 8.192
2.91 17.024
2.92 16.384
2.93 12.768
2.94 16.384
2.95 12.768
2.96 8.192
2.97 12.768
2.98 8.192
2.99 12.768
3 8.192
3.01 17.024
3.02 16.384
3.03 12.768
3.04 16.384
3.05 12.768
3.06 8.192
3.07 12.768
3.08 8.192
3.09 12.768
3.1 8.192
3.11 17.024
3.12 16.384
3.13 12.768
3.14 16.384
3.15 12.768
3.16 8.192
3.17 12.768
3.18 8.192
3.19 12.768
3.2 8.192
3.21 17.024
3.22 16.384
3.23 0
3.24 8.192
3.25 12.768
3.26 8.192
3.27 12.768
3.28 8.192
3.29 12.768
3.3 8.192
3.31 17.024
3.32 16.384
3.33 12.768
3.34 16.384
3.35 12.768
3.36 8.192
3.37 12.768
3.38 8.192
3.39 12.768
3.4 8.192
3.41 17.024
3.42 16.384
3.43 0
3.44 8.192
3.45 12.768
3.46 8.192
3.47 12.768
3.48 8.192
3.49 12.768
3.5 8.192
3.51 17.024
3.52 16.384
3.53 0
3.54 8.192
3.55 12.768
3.56 8.192
3.57 12.768
3.58 8.192
3.59 12.768
3.6 8.192
3.61 17.024
3.62 16.384
3.63 12.768
3.64 16.384
3.65 12.768
3.66 8.192
3.67 12.768
3.68 8.192
3.69 12.768
3.7 8.192
3.71 17.024
3.72 16.384
3.73 12.768
3.74 16.384
3.75 12.768
3.76 8.192
3.77 12.768
3.78 8.192
3.79 12.768
3.8 8.192
3.81 17.024
3.82 16.384
3.83 12.768
3.84 16.384
3.85 12.768
3.86 8.192
3.87 12.768
3.88 8.192
3.89 12.768
3.9 8.192
3.91 17.024
3.92 16.384
3.93 12.768
3.94 16.384
3.95 12.768
3.96 8.192
3.97 12.768
3.98 8.192
3.99 12.768
4 8.192
4.01 17.024
4.02 16.384
4.03 0
4.04 8.192
4.05 12.768
4.06 8.192
4.07 12.768
4.08 8.192
4.09 12.768
4.1 8.192
4.11 17.024
4.12 16.384
4.13 17.024
4.14 12.288
4.15 12.768
4.16 8.192
4.17 12.768
4.18 8.192
4.19 12.768
4.2 8.192
4.21 17.024
4.22 16.384
4.23 0
4.24 8.192
4.25 12.768
4.26 8.192
4.27 12.768
4.28 8.192
4.29 12.768
4.3 8.192
4.31 17.024
4.32 16.384
4.33 0
4.34 8.192
4.35 12.768
4.36 8.192
4.37 12.768
4.38 8.192
4.39 12.768
4.4 8.192
4.41 17.024
4.42 16.384
4.43 12.768
4.44 16.384
4.45 12.768
4.46 8.192
4.47 12.768
4.48 8.192
4.49 12.768
4.5 8.192
4.51 17.024
4.52 16.384
4.53 0
4.54 8.192
4.55 12.768
4.56 8.192
4.57 12.768
4.58 8.192
4.59 12.768
4.6 8.192
4.61 17.024
4.62 16.384
4.63 12.768
4.64 16.384
4.65 12.768
4.66 8.192
4.67 12.768
4.68 8.192
4.69 12.768
4.7 8.192
4.71 17.024
4.72 16.384
4.73 12.768
4.74 16.384
4.75 12.768
4.76 8.192
4.77 12.768
4.78 8.192
4.79 12.768
4.8 8.192
4.81 17.024
4.82 16.384
4.83 12.768
4.84 16.384
4.85 12.768
4.86 8.192
4.87 12.768
4.88 8.192
4.89 12.768
4.9 8.192
4.91 17.024
4.92 16.384
4.93 12.768
4.94 16.384
4.95 12.768
4.96 8.192
4.97 12.768
4.98 8.192
4.99 12.768
5 8.192
5.01 17.024
5.02 16.384
5.03 0
5.04 8.192
5.05 12.768
5.06 8.192
5.07 12.768
5.08 8.192
5.09 12.768
5.1 8.192
5.11 17.024
5.12 16.384
5.13 12.768
5.14 16.384
5.15 12.768
5.16 8.192
5.17 12.768
5.18 8.192
5.19 12.768
5.2 8.192
5.21 17.024
5.22 16.384
5.23 0
5.24 8.192
5.25 12.768
5.26 8.192
5.27 12.768
5.28 8.192
5.29 12.768
5.3 8.192
5.31 17.024
5.32 16.384
5.33 12.768
5.34 16.384
5.35 12.768
5.36 8.192
5.37 12.768
5.38 8.192
5.39 12.768
5.4 8.192
5.41 17.024
5.42 16.384
5.43 12.768
5.44 16.384
5.45 12.768
5.46 8.192
5.47 12.768
5.48 8.192
5.49 12.768
5.5 8.192
5.51 17.024
5.52 16.384
5.53 0
5.54 8.192
5.55 12.768
5.56 8.192
5.57 12.768
5.58 8.192
5.59 12.768
5.6 8.192
5.61 17.024
5.62 16.384
5.63 0
5.64 8.192
5.65 12.768
5.66 8.192
5.67 12.768
5.68 8.192
5.69 12.768
5.7 8.192
5.71 17.024
5.72 16.384
5.73 0
5.74 8.192
5.75 12.768
5.76 8.192
5.77 12.768
5.78 8.192
5.79 12.768
5.8 8.192
5.81 17.024
5.82 16.384
5.83 12.768
5.84 16.384
5.85 12.768
5.86 8.192
5.87 12.768
5.88 8.192
5.89 12.768
5.9 8.192
5.91 17.024
5.92 16.384
5.93 12.768
5.94 16.384
5.95 12.768
5.96 8.192
5.97 12.768
5.98 8.192
5.99 12.768
6 8.192
6.01 17.024
6.02 16.384
6.03 12.768
6.04 16.384
6.05 12.768
6.06 8.192
6.07 12.768
6.08 8.192
6.09 12.768
6.1 8.192
6.11 17.024
6.12 16.384
6.13 0
6.14 8.192
6.15 12.768
6.16 8.192
6.17 12.768
6.18 8.192
6.19 12.768
6.2 8.192
6.21 17.024
6.22 16.384
6.23 12.768
6.24 16.384
6.25 12.768
6.26 8.192
6.27 12.768
6.28 8.192
6.29 12.768
6.3 8.192
6.31 17.024
6.32 16.384
6.33 12.768
6.34 16.384
6.35 12.768
6.36 8.192
6.37 12.768
6.38 8.192
6.39 12.768
6.4 8.192
6.41 17.024
6.42 16.384
6.43 12.768
6.44 16.384
6.45 12.768
6.46 8.192
6.47 12.768
6.48 8.192
6.49 12.768
6.5 8.192
6.51 17.024
6.52 16.384
6.53 12.768
6.54 16.384
6.55 12.768
6.56 8.192
6.57 12.768
6.58 8.192
6.59 12.768
6.6 8.192
6.61 17.024
6.62 16.384
6.63 0
6.64 8.192
6.65 12.768
6.66 8.192
6.67 12.768
6.68 8.192
6.69 12.768
6.7 8.192
6.71 17.024
6.72 16.384
6.73 12.768
6.74 16.384
6.75 12.768
6.76 8.192
6.77 12.768
6.78 8.192
6.79 12.768
6.8 8.192
6.81 17.024
6.82 16.384
6.83 12.768
6.84 16.384
6.85 12.768
6.86 8.192
6.87 12.768
6.88 8.192
6.89 12.768
6.9 8.192
6.91 17.024
6.92 16.384
6.93 12.768
6.94 16.384
6.95 12.768
6.96 8.192
6.97 12.768
6.98 8.192
6.99 12.768
7 8.192
7.01 17.024
7.02 16.384
7.03 12.768
7.04 16.384
7.05 12.768
7.06 8.192
7.07 12.768
7.08 8.192
7.09 12.768
7.1 8.192
7.11 17.024
7.12 16.384
7.13 12.768
7.14 16.384
7.15 12.768
7.16 8.192
7.17 12.768
7.18 8.192
7.19 12.768
7.2 8.192
7.21 17.024
7.22 16.384
7.23 12.768
7.24 16.384
7.25 12.768
7.26 8.192
7.27 12.768
7.28 8.192
7.29 12.768
7.3 8.192
7.31 17.024
7.32 16.384
7.33 12.768
7.34 16.384
7.35 12.768
7.36 8.192
7.37 12.768
7.38 8.192
7.39 12.768
7.4 8.192
7.41 17.024
7.42 16.384
7.43 12.768
7.44 16.384
7.45 12.768
7.46 8.192
7.47 12.768
7.48 8.192
7.49 12.768
7.5 8.192
7.51 17.024
7.52 16.384
7.53 0
7.54 8.192
7.55 12.768
7.56 8.192
7.57 12.768
7.58 8.192
7.59 12.768
7.6 8.192
7.61 17.024
7.62 16.384
7.63 12.768
7.64 16.384
7.65 12.768
7.66 8.192
7.67 12.768
7.68 8.192
7.69 12.768
7.7 8.192
7.71 17.024
7.72 16.384
7.73 12.768
7.74 16.384
7.75 12.768
7.76 8.192
7.77 12.768
7.78 8.192
7.79 12.768
7.8 8.192
7.81 17.024
7.82 16.384
7.83 12.768
7.84 16.384
7.85 12.768
7.86 8.192
7.87 12.768
7.88 8.192
7.89 12.768
7.9 8.192
7.91 17.024
7.92 16.384
7.93 0
7.94 8.192
7.95 12.768
7.96 8.192
7.97 12.768
7.98 8.192
7.99 12.768
8 8.192
8.01 17.024
8.02 16.384
8.03 12.768
8.04 16.384
8.05 12.768
8.06 8.192
8.07 12.768
8.08 8.192
8.09 12.768
8.1 8.192
8.11 17.024
8.12 16.384
8.13 0
8.14 8.192
8.15 12.768
8.16 8.192
8.17 12.768
8.18 8.192
8.19 12.768
8.2 8.192
8.21 17.024
8.22 16.384
8.23 12.768
8.24 16.384
8.25 12.768
8.26 8.192
8.27 12.768
8.28 8.192
8.29 12.768
8.3 8.192
8.31 17.024
8.32 16.384
8.33 12.768
8.34 16.384
8.35 12.768
8.36 8.192
8.37 12.768
8.38 8.192
8.39 12.768
8.4 8.192
8.41 17.024
8.42 16.384
8.43 12.768
8.44 16.384
8.45 12.768
8.46 8.192
8.47 12.768
8.48 8.192
8.49 12.768
8.5 8.192
8.51 17.024
8.52 16.384
8.53 12.768
8.54 16.384
8.55 12.768
8.56 8.192
8.57 12.768
8.58 8.192
8.59 12.768
8.6 8.192
8.61 17.024
8.62 16.384
8.63 12.768
8.64 16.384
8.65 12.768
8.66 8.192
8.67 12.768
8.68 8.192
8.69 12.768
8.7 8.192
8.71 17.024
8.72 16.384
8.73 12.768
8.74 16.384
8.75 12.768
8.76 8.192
8.77 12.768
8.78 8.192
8.79 12.768
8.8 8.192
8.81 17.024
8.82 16.384
8.83 0
8.84 8.192
8.85 12.768
8.86 8.192
8.87 12.768
8.88 8.192
8.89 12.768
8.9 8.192
8.91 17.024
8.92 16.384
8.93 0
8.94 8.192
8.95 12.768
8.96 8.192
8.97 12.768
8.98 8.192
8.99 12.768
9 8.192
9.01 17.024
9.02 16.384
9.03 12.768
9.04 16.384
9.05 12.768
9.06 8.192
9.07 12.768
9.08 8.192
9.09 12.768
9.1 8.192
9.11 17.024
9.12 16.384
9.13 12.768
9.14 16.384
9.15 12.768
9.16 8.192
9.17 12.768
9.18 8.192
9.19 12.768
9.2 8.192
9.21 17.024
9.22 16.384
9.23 0
9.24 8.192
9.25 12.768
9.26 8.192
9.27 12.768
9.28 8.192
9.29 12.768
9.3 8.192
9.31 17.024
9.32 16.384
9.33 12.768
9.34 16.384
9.35 12.768
9.36 8.192
9.37 12.768
9.38 8.192
9.39 12.768
9.4 8.192
9.41 17.024
9.42 16.384
9.43 12.768
9.44 16.384
9.45 12.768
9.46 8.192
9.47 12.768
9.48 8.192
9.49 12.768
9.5 8.192
9.51 17.024
9.52 16.384
9.53 12.768
9.54 16.384
9.55 12.768
9.56 8.192
9.57 12.768
9.58 8.192
9.59 12.768
9.6 8.192
9.61 17.024
9.62 16.384
9.63 12.768
9.64 16.384
9.65 12.768
9.66 8.192
9.67 12.768
9.68 8.192
9.69 12.768
9.7 8.192
9.71 17.024
9.72 16.384
9.73 12.768
9.74 16.384
9.75 12.768
9.76 8.192
9.77 12.768
9.78 8.192
9.79 12.768
9.8 8.192
9.81 17.024
9.82 16.384
9.83 12.768
9.84 16.384
9.85 12.768
9.86 8.192
9.87 12.768
9.88 8.192
9.89 12.768
9.9 8.192
9.91 17.024
9.92 16.384
9.93 12.768
9.94 16.384
9.95 12.768
9.96 8.192
9.97 12.768
9.98 8.192
9.99 12.768
10 8.192
10.01 17.024
10.02 16.384
10.03 12.768
10.04 16.384
10.05 12.768
10.06 8.192
10.07 12.768
10.08 8.192
10.09 12.768
10.1 8.192
10.11 17.024
10.12 16.384
10.13 12.768
10.14 16.384
10.15 12.768
10.16 8.192
10.17 12.768
10.18 8.192
10.19 12.768
10.2 8.192
10.21 17.024
10.22 16.384
10.23 12.768
10.24 16.384
10.25 12.768
10.26 8.192
10.27 12.768
10.28 8.192
10.29 12.768
10.3 8.192
10.31 17.024
10.32 16.384
10.33 12.768
10.34 16.384
10.35 12.768
10.36 8.192
10.37 12.768
10.38 8.192
10.39 12.768
10.4 8.192
10.41 17.024
10.42 16.384
10.43 12.768
10.44 16.384
10.45 12.768
10.46 8.192
10.47 12.768
10.48 8.192
10.49 12.768
10.5 8.192
10.51 17.024
10.52 16.384
10.53 0
10.54 8.192
10.55 12.768
10.56 8.192
10.57 12.768
10.58 8.192
10.59 12.768
10.6 8.192
10.61 17.024
10.62 16.384
10.63 0
10.64 8.192
10.65 12.768
10.66 8.192
10.67 12.768
10.68 8.192
10.69 12.768
10.7 8.192
10.71 17.024
10.72 16.384
10.73 12.768
10.74 16.384
10.75 12.768
10.76 8.192
10.77 12.768
10.78 8.192
10.79 12.768
10.8 8.192
10.81 17.024
10.82 16.384
10.83 12.768
10.84 16.384
10.85 12.768
10.86 8.192
10.87 12.768
10.88 8.192
10.89 12.768
10.9 8.192
10.91 17.024
10.92 16.384
10.93 12.768
10.94 16.384
10.95 12.768
10.96 8.192
10.97 12.768
10.98 8.192
10.99 12.768
11 8.192
11.01 17.024
11.02 16.384
11.03 12.768
11.04 16.384
11.05 12.768
11.06 8.192
11.07 12.768
11.08 8.192
11.09 12.768
11.1 8.192
11.11 17.024
11.12 16.384
11.13 12.768
11.14 16.384
11.15 12.768
11.16 8.192
11.17 12.768
11.18 8.192
11.19 12.768
11.2 8.192
11.21 17.024
11.22 16.384
11.23 12.768
11.24 16.384
11.25 12.768
11.26 8.192
11.27 12.768
11.28 8.192
11.29 12.768
11.3 8.192
11.31 17.024
11.32 16.384
11.33 12.768
11.34 16.384
11.35 12.768
11.36 8.192
11.37 12.768
11.38 8.192
11.39 12.768
11.4 8.192
11.41 17.024
11.42 16.384
11.43 0
11.44 8.192
11.45 12.768
11.46 8.192
11.47 12.768
11.48 8.192
11.49 12.768
11.5 8.192
11.51 17.024
11.52 16.384
11.53 12.768
11.54 16.384
11.55 12.768
11.56 8.192
11.57 12.768
11.58 8.192
11.59 12.768
11.6 8.192
11.61 17.024
11.62 16.384
11.63 12.768
11.64 16.384
11.65 12.768
11.66 8.192
11.67 12.768
11.68 8.192
11.69 12.768
11.7 8.192
11.71 17.024
11.72 16.384
11.73 12.768
11.74 16.384
11.75 12.768
11.76 8.192
11.77 12.768
11.78 8.192
11.79 12.768
11.8 8.192
11.81 17.024
11.82 16.384
11.83 12.768
11.84 16.384
11.85 12.768
11.86 8.192
11.87 12.768
11.88 8.192
11.89 12.768
11.9 8.192
11.91 17.024
11.92 16.384
11.93 12.768
11.94 16.384
11.95 12.768
11.96 8.192
11.97 12.768
11.98 8.192
11.99 12.768
12 8.192
12.01 17.024
12.02 16.384
12.03 0
12.04 8.192
12.05 12.768
12.06 8.192
12.07 12.768
12.08 8.192
12.09 12.768
12.1 8.192
12.11 17.024
12.12 16.384
12.13 0
12.14 8.192
12.15 12.768
12.16 8.192
12.17 12.768
12.18 8.192
12.19 12.768
12.2 8.192
12.21 17.024
12.22 16.384
12.23 0
12.24 8.192
12.25 12.768
12.26 8.192
12.27 12.768
12.28 8.192
12.29 12.768
12.3 8.192
12.31 17.024
12.32 16.384
12.33 0
12.34 8.192
12.35 12.768
12.36 8.192
12.37 12.768
12.38 8.192
12.39 12.768
12.4 8.192
12.41 17.024
12.42 16.384
12.43 12.768
12.44 16.384
12.45 12.768
12.46 8.192
12.47 12.768
12.48 8.192
12.49 12.768
12.5 8.192
12.51 17.024
12.52 16.384
12.53 12.768
12.54 16.384
12.55 12.768
12.56 8.192
12.57 12.768
12.58 8.192
12.59 12.768
12.6 8.192
12.61 17.024
12.62 16.384
12.63 12.768
12.64 16.384
12.65 12.768
12.66 8.192
12.67 12.768
12.68 8.192
12.69 12.768
12.7 8.192
12.71 17.024
12.72 16.384
12.73 12.768
12.74 16.384
12.75 12.768
12.76 8.192
12.77 12.768
12.78 8.192
12.79 12.768
12.8 8.192
12.81 17.024
12.82 16.384
12.83 0
12.84 8.192
12.85 12.768
12.86 8.192
12.87 12.768
12.88 8.192
12.89 12.768
12.9 8.192
12.91 17.024
12.92 16.384
12.93 12.768
12.94 16.384
12.95 12.768
12.96 8.192
12.97 12.768
12.98 8.192
12.99 12.768
13 8.192
13.01 17.024
13.02 16.384
13.03 0
13.04 8.192
13.05 12.768
13.06 8.192
13.07 12.768
13.08 8.192
13.09 12.768
13.1 8.192
13.11 17.024
13.12 16.384
13.13 12.768
13.14 16.384
13.15 12.768
13.16 8.192
13.17 12.768
13.18 8.192
13.19 12.768
13.2 8.192
13.21 17.024
13.22 16.384
13.23 12.768
13.24 16.384
13.25 12.768
13.26 8.192
13.27 12.768
13.28 8.192
13.29 12.768
13.3 8.192
13.31 17.024
13.32 16.384
13.33 12.768
13.34 16.384
13.35 12.768
13.36 8.192
13.37 12.768
13.38 8.192
13.39 12.768
13.4 8.192
13.41 17.024
13.42 16.384
13.43 12.768
13.44 16.384
13.45 12.768
13.46 8.192
13.47 12.768
13.48 8.192
13.49 12.768
13.5 8.192
13.51 17.024
13.52 16.384
13.53 12.768
13.54 16.384
13.55 12.768
13.56 8.192
13.57 12.768
13.58 8.192
13.59 12.768
13.6 8.192
13.61 17.024
13.62 16.384
13.63 12.768
13.64 16.384
13.65 12.768
13.66 8.192
13.67 12.768
13.68 8.192
13.69 12.768
13.7 8.192
13.71 17.024
13.72 16.384
13.73 12.768
13.74 16.384
13.75 12.768
13.76 8.192
13.77 12.768
13.78 8.192
13.79 12.768
13.8 8.192
13.81 17.024
13.82 16.384
13.83 12.768
13.84 16.384
13.85 12.768
13.86 8.192
13.87 12.768
13.88 8.192
13.89 12.768
13.9 8.192
13.91 17.024
13.92 16.384
13.93 12.768
13.94 16.384
13.95 12.768
13.96 8.192
13.97 12.768
13.98 8.192
13.99 12.768
14 8.192
14.01 17.024
14.02 16.384
14.03 12.768
14.04 16.384
14.05 12.768
14.06 8.192
14.07 12.768
14.08 8.192
14.09 12.768
14.1 8.192
14.11 17.024
14.12 16.384
14.13 12.768
14.14 16.384
14.15 12.768
14.16 8.192
14.17 12.768
14.18 8.192
14.19 12.768
14.2 8.192
14.21 17.024
14.22 16.384
14.23 12.768
14.24 16.384
14.25 12.768
14.26 8.192
14.27 12.768
14.28 8.192
14.29 12.768
14.3 8.192
14.31 17.024
14.32 16.384
14.33 12.768
14.34 16.384
14.35 12.768
14.36 8.192
14.37 12.768
14.38 8.192
14.39 12.768
14.4 8.192
14.41 17.024
14.42 16.384
14.43 12.768
14.44 16.384
14.45 12.768
14.46 8.192
14.47 12.768
14.48 8.192
14.49 12.768
14.5 8.192
14.51 17.024
14.52 16.384
14.53 0
14.54 8.192
14.55 12.768
14.56 8.192
14.57 12.768
14.58 8.192
14.59 12.768
14.6 8.192
14.61 17.024
14.62 16.384
14.63 0
14.64 8.192
14.65 12.768
14.66 8.192
14.67 12.768
14.68 8.192
14.69 12.768
14.7 8.192
14.71 17.024
14.72 16.384
14.73 12.768
14.74 16.384
14.75 12.768
14.76 8.192
14.77 12.768
14.78 8.192
14.79 12.768
14.8 8.192
14.81 17.024
14.82 16.384
14.83 0
14.84 8.192
14.85 12.768
14.86 8.192
14.87 12.768
14.88 8.192
14.89 12.768
14.9 8.192
14.91 17.024
14.92 16.384
14.93 12.768
14.94 16.384
14.95 12.768
14.96 8.192
14.97 12.768
14.98 8.192
14.99 12.768
15 8.192
15.01 17.024
15.02 16.384
15.03 0
15.04 8.192
15.05 12.768
15.06 8.192
15.07 12.768
15.08 8.192
15.09 12.768
15.1 8.192
15.11 17.024
15.12 16.384
15.13 0
15.14 8.192
15.15 12.768
15.16 8.192
15.17 12.768
15.18 8.192
15.19 12.768
15.2 8.192
15.21 17.024
15.22 16.384
15.23 12.768
15.24 16.384
15.25 12.768
15.26 8.192
15.27 12.768
15.28 8.192
15.29 12.768
15.3 8.192
15.31 17.024
15.32 16.384
15.33 17.024
15.34 12.288
15.35 12.768
15.36 8.192
15.37 12.768
15.38 8.192
15.39 12.768
15.4 8.192
15.41 17.024
15.42 16.384
15.43 17.024
15.44 12.288
15.45 12.768
15.46 8.192
15.47 12.768
15.48 8.192
15.49 12.768
15.5 8.192
15.51 17.024
15.52 16.384
15.53 0
15.54 8.192
15.55 12.768
15.56 8.192
15.57 12.768
15.58 8.192
15.59 12.768
15.6 8.192
15.61 17.024
15.62 16.384
15.63 12.768
15.64 16.384
15.65 12.768
15.66 8.192
15.67 12.768
15.68 8.192
15.69 12.768
15.7 8.192
15.71 17.024
15.72 16.384
15.73 12.768
15.74 16.384
15.75 12.768
15.76 8.192
15.77 12.768
15.78 8.192
15.79 12.768
15.8 8.192
15.81 17.024
15.82 16.384
15.83 12.768
15.84 16.384
15.85 12.768
15.86 8.192
15.87 12.768
15.88 8.192
15.89 12.768
15.9 8.192
15.91 17.024
15.92 16.384
15.93 0
15.94 8.192
15.95 12.768
15.96 8.192
15.97 12.768
15.98 8.192
15.99 12.768
16 8.192
16.01 17.024
16.02 16.384
16.03 0
16.04 8.192
16.05 12.768
16.06 8.192
16.07 12.768
16.08 8.192
16.09 12.768
16.1 8.192
16.11 17.024
16.12 16.384
16.13 12.768
16.14 16.384
16.15 12.768
16.16 8.192
16.17 12.768
16.18 8.192
16.19 12.768
16.2 8.192
16.21 17.024
16.22 16.384
16.23 12.768
16.24 16.384
16.25 12.768
16.26 8.192
16.27 12.768
16.28 8.192
16.29 12.768
16.3 8.192
16.31 17.024
16.32 16.384
16.33 12.768
16.34 16.384
16.35 12.768
16.36 8.192
16.37 12.768
16.38 8.192
16.39 12.768
16.4 8.192
16.41 17.024
16.42 16.384
16.43 12.768
16.44 16.384
16.45 12.768
16.46 8.192
16.47 12.768
16.48 8.192
16.49 12.768
16.5 8.192
16.51 17.024
16.52 16.384
16.53 12.768
16.54 16.384
16.55 12.768
16.56 8.192
16.57 12.768
16.58 8.192
16.59 12.768
16.6 8.192
16.61 17.024
16.62 16.384
16.63 12.768
16.64 16.384
16.65 12.768
16.66 8.192
16.67 12.768
16.68 8.192
16.69 12.768
16.7 8.192
16.71 17.024
16.72 16.384
16.73 0
16.74 8.192
16.75 12.768
16.76 8.192
16.77 12.768
16.78 8.192
16.79 12.768
16.8 8.192
16.81 17.024
16.82 16.384
16.83 12.768
16.84 16.384
16.85 12.768
16.86 8.192
16.87 12.768
16.88 8.192
16.89 12.768
16.9 8.192
16.91 17.024
16.92 16.384
16.93 12.768
16.94 16.384
16.95 12.768
16.96 8.192
16.97 12.768
16.98 8.192
16.99 12.768
17 8.192
17.01 17.024
17.02 16.384
17.03 12.768
17.04 16.384
17.05 12.768
17.06 8.192
17.07 12.768
17.08 8.192
17.09 12.768
17.1 8.192
17.11 17.024
17.12 16.384
17.13 12.768
17.14 16.384
17.15 12.768
17.16 8.192
17.17 12.768
17.18 8.192
17.19 12.768
17.2 8.192
17.21 17.024
17.22 16.384
17.23 0
17.24 8.192
17.25 12.768
17.26 8.192
17.27 12.768
17.28 8.192
17.29 12.768
17.3 8.192
17.31 17.024
17.32 16.384
17.33 12.768
17.34 16.384
17.35 12.768
17.36 8.192
17.37 12.768
17.38 8.192
17.39 12.768
17.4 8.192
17.41 17.024
17.42 16.384
17.43 12.768
17.44 16.384
17.45 12.768
17.46 8.192
17.47 12.768
17.48 8.192
17.49 12.768
17.5 8.192
17.51 17.024
17.52 16.384
17.53 12.768
17.54 16.384
17.55 12.768
17.56 8.192
17.57 12.768
17.58 8.192
17.59 12.768
17.6 8.192
17.61 17.024
17.62 16.384
17.63 12.768
17.64 16.384
17.65 12.768
17.66 8.192
17.67 12.768
17.68 8.192
17.69 12.768
17.7 8.192
17.71 17.024
17.72 16.384
17.73 12.768
17.74 16.384
17.75 12.768
17.76 8.192
17.77 12.768
17.78 8.192
17.79 12.768
17.8 8.192
17.81 17.024
17.82 16.384
17.83 12.768
17.84 16.384
17.85 12.768
17.86 8.192
17.87 12.768
17.88 8.192
17.89 12.768
17.9 0
17.91 8.512
17.92 0
17.93 8.512
17.94 0
17.95 8.512
17.96 0
17.97 8.512
17.98 0
17.99 8.512
18 0
18.01 8.512
18.02 21.28
18.03 0
18.04 0
18.05 8.512
18.06 0
18.07 8.512
18.08 0
18.09 8.512
18.1 0
18.11 8.512
18.12 21.28
18.13 12.768
18.14 0
18.15 8.512
18.16 0
18.17 8.512
18.18 0
18.19 8.512
18.2 0
18.21 8.512
18.22 21.28
18.23 8.512
18.24 0
18.25 8.512
18.26 0
18.27 8.512
18.28 0
18.29 8.512
18.3 0
18.31 8.512
18.32 21.28
18.33 0
18.34 0
18.35 8.512
18.36 0
18.37 8.512
18.38 0
18.39 8.512
18.4 0
18.41 8.512
18.42 21.28
18.43 8.512
18.44 0
18.45 8.512
18.46 0
18.47 8.512
18.48 0
18.49 8.512
18.5 0
18.51 8.512
18.52 21.28
18.53 8.512
18.54 0
18.55 8.512
18.56 0
18.57 8.512
18.58 0
18.59 8.512
18.6 0
18.61 8.512
18.62 21.28
18.63 8.512
18.64 0
18.65 8.512
18.66 0
18.67 8.512
18.68 0
18.69 8.512
18.7 0
18.71 8.512
18.72 21.28
18.73 0
18.74 0
18.75 8.512
18.76 0
18.77 8.512
18.78 0
18.79 8.512
18.8 0
18.81 8.512
18.82 21.28
18.83 8.512
18.84 0
18.85 8.512
18.86 0
18.87 8.512
18.88 0
18.89 8.512
18.9 0
18.91 8.512
18.92 21.28
18.93 8.512
18.94 0
18.95 8.512
18.96 0
18.97 8.512
18.98 0
18.99 8.512
19 0
19.01 8.512
19.02 21.28
19.03 8.512
19.04 0
19.05 8.512
19.06 0
19.07 8.512
19.08 0
19.09 8.512
19.1 0
19.11 8.512
19.12 21.28
19.13 8.512
19.14 0
19.15 8.512
19.16 0
19.17 8.512
19.18 0
19.19 8.512
19.2 0
19.21 8.512
19.22 21.28
19.23 8.512
19.24 0
19.25 8.512
19.26 0
19.27 8.512
19.28 0
19.29 8.512
19.3 0
19.31 8.512
19.32 21.28
19.33 8.512
19.34 0
19.35 8.512
19.36 0
19.37 8.512
19.38 0
19.39 8.512
19.4 0
19.41 8.512
19.42 21.28
19.43 0
19.44 0
19.45 8.512
19.46 0
19.47 8.512
19.48 0
19.49 8.512
19.5 0
19.51 8.512
19.52 21.28
19.53 8.512
19.54 0
19.55 8.512
19.56 0
19.57 8.512
19.58 0
19.59 8.512
19.6 0
19.61 8.512
19.62 21.28
19.63 8.512
19.64 0
19.65 8.512
19.66 0
19.67 8.512
19.68 0
19.69 8.512
19.7 0
19.71 8.512
19.72 21.28
19.73 12.768
19.74 0
19.75 8.512
19.76 0
19.77 8.512
19.78 0
19.79 8.512
19.8 0
19.81 8.512
19.82 21.28
19.83 8.512
19.84 0
19.85 8.512
19.86 0
19.87 8.512
19.88 0
19.89 8.512
19.9 0
19.91 8.512
19.92 21.28
19.93 8.512
19.94 0
19.95 8.512
19.96 0
19.97 8.512
19.98 0
19.99 8.512
